100
14.36 8.22 0
15.58 7.1 0.9
10.26 6.08 1.7
17.54 14.12 0.4
20.3 10 0.1
16.92 5.3 2.7
15 13.3 2.8
21.2 7.74 1.9
12.92 4.68 0.5
12.48 13.52 0.3
15.98 9.44 2.0
10 12.3 0.7
8.64 8.46 0.8
11.46 8.84 1.8
18.58 11.9 2.5
19.6 6.06 2.4
19.16 9.3 2.9
15.4 3.26 1.6
6.38 8.36 0.2
12.94 11.76 2.3
13.32 6.24 1.4
10.35 9.72 0.2
9.34 11.23 1.2
6.83 10.12 0.1
11.37 14.58 1.1
21.16 12.61 0.7
16.82 10.9 0.3
14.46 9.94 0.4
11.17 7.58 0.5
7.46 4.74 1.6
10 4 1.4
9.68 14.15 0.7
8.63 12.68 0.2
8.85 7.13 1.9
18.41 8.2 1.5
21.4 16.34 0.3
15.39 14.89 1.1
5.56 6.11 0.8
3.49 2.8 0.1
14.84 1.52 1.0
22.47 4.26 0.7
7 14 2.1
4.07 11.65 1.0
4.09 8.65 0.7
22.79 10.1 1.2
20.79 13.87 0.5
9.43 2.56 1.1
13.36 3.05 0.9
10 16 0.2
6.6 12.19 0.3
5.03 4.43 2.0
9.45 7.24 1.3
19.36 7.52 1.6
4.81 5.79 1.6
12.26 4.87 0.3
17.55 14.08 0.3
15.68 10.86 0.5
6.91 6.95 1.2
9.20 6.28 1.2
17.39 12.07 1.9
15.73 15.68 0.4
4.03 7.36 1.5
5.18 12.17 1.6
9.98 4.17 0.9
9.60 4.47 1.8
13.82 14.03 1.0
12.56 11.59 1.6
12.73 10.75 1.4
8.47 13.29 0.8
9.16 17.06 1.4
6.76 12.87 0.6
19.85 11.88 1.7
4.47 8.54 1.7
19.32 4.74 1.6
5.25 10.11 0.1
14.89 6.62 1.6
18.99 13.75 1.4
14.85 13.26 1.2
8.68 11.67 1.3
5.96 13.18 1.8
12.96 17.58 1.5
13.38 14.55 0.7
4.29 11.25 1.2
11.03 11.57 0.9
17.68 12.52 1.4
16.38 15.54 1.3
14.51 13.41 1.4
16.82 12.66 0.4
7.27 15.01 1.6
14.34 9.33 1.7
9.77 17.75 0.2
15.78 10.62 0.9
5.13 6.77 0.8
11.60 12.93 1.9
6.27 6.72 1.7
12.44 9.13 0.9
6.60 4.35 0.2
12.66 18.84 1.1
11.17 11.36 0.4
9.48 15.51 1.0
4.98 8.92 0.6

25
10 20
10 20
10 20
10 20
10 20
10 20
10 20
10 20
10 20
10 20
10 20
10 20
10 20
10 20
10 20
10 20
10 20
10 20
10 20
10 20
10 20
10 20
10 20
10 20
10 20