1871
0.7968606778424245
0.7968606778424245
0.7968606778424245
0.7968606778424245
0.7968606778424245
0.7958350219185241
0.7851259809563825
0.78130897542461
0.7707102977775688
0.7707102977775688
0.7707102977775688
0.7624344742650074
0.7624344742650074
0.7587564905883672
0.7587564905883672
0.7528128478572407
0.7524010016271647
0.7448758550143939
0.7431653466870181
0.7431653466870181
0.7346474536226484
0.734072872686513
0.7314523877014151
0.7314523877014151
0.7277292032201469
0.7277292032201469
0.7277292032201469
0.7277292032201469
0.7209738069050525
0.7209738069050525
0.7157536170264566
0.7157536170264566
0.7157536170264566
0.7157536170264566
0.7157536170264566
0.7123064261570876
0.7123064261570876
0.7123064261570876
0.7123064261570876
0.711637634046191
0.7077044859117313
0.7077044859117313
0.7072339494818607
0.7072339494818607
0.7072339494818607
0.706700436211598
0.7010881899414368
0.7010881899414368
0.7010881899414368
0.7010881899414368
0.7009098437630017
0.699929515036347
0.6991956971387696
0.6978712209000307
0.6961881070687508
0.6957209193476446
0.6957209193476446
0.6957209193476446
0.6957209193476446
0.6928442798177405
0.6926558661944354
0.6926558661944354
0.6916306898036864
0.6916306898036864
0.6916306898036864
0.6898998156488994
0.6892404725267436
0.6892404725267436
0.6892404725267436
0.6889262382276803
0.6885228473838753
0.6867689062404436
0.6867689062404436
0.68667905784662
0.6862408230284066
0.6862408230284066
0.6859036849405552
0.6849742867293233
0.6849742867293233
0.6849742867293233
0.6849742867293233
0.6826529911510488
0.6826529911510488
0.6826529911510488
0.6826529911510488
0.6826529911510488
0.6821813082339273
0.6821813082339273
0.6812708797410423
0.6812708797410423
0.6807566377369476
0.6806882539684619
0.6806882539684619
0.6800535632940293
0.6800535632940293
0.6800535632940293
0.6785232332976262
0.6785232332976262
0.6785232332976262
0.6779331257603322
0.6779331257603322
0.6776045639019743
0.6776045639019743
0.6770249442874721
0.6770249442874721
0.6770249442874721
0.6764470730063327
0.6761493804185038
0.6752846132858061
0.6752846132858061
0.6752846132858061
0.6737393482893165
0.6737393482893165
0.6730487846482436
0.6730487846482436
0.6730487846482436
0.6730487846482436
0.6721291620652106
0.6721291620652106
0.6716434766859325
0.6716434766859325
0.6716434766859325
0.6714181340850262
0.6714181340850262
0.6714181340850262
0.6701296549748108
0.6701296549748108
0.6701296549748108
0.6701296549748108
0.6687525473115505
0.6687525473115505
0.6687525473115505
0.6687525473115505
0.6669947363850434
0.6669947363850434
0.6669947363850434
0.6669947363850434
0.6669947363850434
0.6662777227544467
0.6662777227544467
0.6662777227544467
0.6662777227544467
0.6662777227544467
0.665014683620049
0.665014683620049
0.665014683620049
0.665014683620049
0.665014683620049
0.6646536065109845
0.6638630667220004
0.6638630667220004
0.6638630667220004
0.6618530134523776
0.6618530134523776
0.6618530134523776
0.6618530134523776
0.6618530134523776
0.6618530134523776
0.6618530134523776
0.6599272911137056
0.6599272911137056
0.6599272911137056
0.6599272911137056
0.6599272911137056
0.6599272911137056
0.6599272911137056
0.6599272911137056
0.6599272911137056
0.6592873340688862
0.6592873340688862
0.6592873340688862
0.6592873340688862
0.6590979462917996
0.6589835219947742
0.6583716566067203
0.6583716566067203
0.6583716566067203
0.6573847181349673
0.6573847181349673
0.6573847181349673
0.6573847181349673
0.6571056940211224
0.6570098772761283
0.6570098772761283
0.6570098772761283
0.6568533488838281
0.6556750797998353
0.6556750797998353
0.6556750797998353
0.6556750797998353
0.6556750797998353
0.6554149575822988
0.6554149575822988
0.6554149575822988
0.6541873648362062
0.6541873648362062
0.6541873648362062
0.6537694720094406
0.6532530341878017
0.6532530341878017
0.6531308239141459
0.6531308239141459
0.6530327014556293
0.6530327014556293
0.6530327014556293
0.6530327014556293
0.6530327014556293
0.6529527183344159
0.6529527183344159
0.6524333669760647
0.6524333669760647
0.6518796851194015
0.6517393100033482
0.6514814353112777
0.6514814353112777
0.6514814353112777
0.6514814353112777
0.6512418805012118
0.6510600179076643
0.6510600179076643
0.6506949926695854
0.6502030822871868
0.6502030822871868
0.6502030822871868
0.6502030822871868
0.6490338781763597
0.6490338781763597
0.6490338781763597
0.6490338781763597
0.6490338781763597
0.6490338781763597
0.6490338781763597
0.6490338781763597
0.6490338781763597
0.6483039961186545
0.6483039961186545
0.6483039961186545
0.6483039961186545
0.6483039961186545
0.6483039961186545
0.6483039961186545
0.6480443779283295
0.6480443779283295
0.6480443779283295
0.6480443779283295
0.6479991515434057
0.6478893719364183
0.647382652907899
0.647382652907899
0.647382652907899
0.647382652907899
0.6473695440662212
0.6473695440662212
0.6473695440662212
0.6473695440662212
0.6469639273852003
0.6469639273852003
0.6469639273852003
0.6469639273852003
0.6469639273852003
0.646593501419992
0.646593501419992
0.646593501419992
0.6461756727436829
0.6461756727436829
0.6461756727436829
0.6461756727436829
0.6454197411352803
0.6454197411352803
0.6454197411352803
0.6454197411352803
0.6454197411352803
0.6453567146961943
0.6453375883679223
0.6453375883679223
0.6452958053128637
0.6452958053128637
0.6452154412421653
0.645148482916335
0.645148482916335
0.6451243426954436
0.6451243426954436
0.6451243426954436
0.6447851647612928
0.6447851647612928
0.6447851647612928
0.6447851647612928
0.6447851647612928
0.6447851647612928
0.6447851647612928
0.6446944513208303
0.6445843679656441
0.6445843679656441
0.644516036823911
0.644516036823911
0.6442890212098571
0.6442890212098571
0.6442890212098571
0.6442890212098571
0.6442890212098571
0.6441672070747506
0.6440045060779691
0.6440045060779691
0.643776966697802
0.643776966697802
0.643776966697802
0.643776966697802
0.643776966697802
0.6435838888640122
0.6435838888640122
0.6434281369486415
0.6434281369486415
0.6434281369486415
0.6434281369486415
0.6433690758846923
0.6433690758846923
0.6433690758846923
0.6433690758846923
0.6432634358827907
0.6430930058148846
0.6430930058148846
0.6430930058148846
0.6430930058148846
0.6430930058148846
0.6430930058148845
0.6430087437730992
0.6430087437730992
0.6430087437730992
0.6430087437730992
0.6430087437730992
0.6422101341129723
0.6422101341129723
0.6422101341129723
0.6422101341129723
0.6422101341129723
0.6422101341129723
0.6422101341129723
0.6422101341129723
0.6421479514809917
0.6421479514809917
0.6421479514809917
0.6421479514809917
0.6421479514809917
0.6421167339239056
0.6420320076639757
0.6418617786414763
0.6417929732220788
0.6417929732220788
0.6417559595089317
0.6415881391638599
0.6415881391638599
0.6415881391638599
0.6414303941512167
0.6414303941512167
0.6413448151082056
0.6412317227233271
0.6412317227233271
0.6412317227233271
0.6412317227233271
0.6412317227233271
0.6412317227233271
0.6410502869487404
0.6410502869487404
0.6410502869487404
0.6410502869487404
0.6404829250827355
0.6404829250827355
0.6404829250827355
0.6404829250827355
0.6404829250827355
0.6404829250827355
0.6404829250827355
0.6404829250827355
0.64045325104925
0.64045325104925
0.64045325104925
0.64045325104925
0.64045325104925
0.6403650544484019
0.6403257914397925
0.640292433801596
0.640292433801596
0.6402493059707492
0.6402493059707492
0.6402493059707492
0.6402493059707492
0.6402079208054589
0.6400725037259695
0.6400725037259695
0.6400725037259695
0.6400725037259695
0.6399546266125141
0.6399546266125141
0.6396866306744329
0.6396866306744329
0.6396487282164711
0.6396487282164711
0.6396487282164711
0.6396487282164711
0.6396487282164711
0.6396487282164711
0.6396487282164711
0.6396487282164711
0.6396487282164711
0.6394043611344697
0.6394043611344697
0.6391950392733962
0.6385259684948771
0.6385259684948771
0.6385259684948771
0.6385259684948771
0.6385259684948771
0.6385259684948771
0.6385259684948771
0.6385259684948771
0.6385259684948771
0.638525968494877
0.638525968494877
0.638525968494877
0.6383303359860389
0.6382420670652922
0.6382420670652922
0.6382420670652922
0.6382420670652922
0.6382420670652922
0.6382420670652922
0.6382420670652922
0.6381452211715964
0.6381452211715964
0.6381452211715964
0.6381452211715964
0.6381452211715964
0.6381407599700656
0.6381180608486163
0.6381180608486163
0.6381180608486163
0.6379430968671697
0.6379430968671697
0.6379430968671697
0.6379430968671697
0.6379430968671697
0.6378473514994822
0.6378473514994822
0.6378473514994822
0.637833144211895
0.637833144211895
0.637833144211895
0.637833144211895
0.637833144211895
0.6377844002786823
0.6377844002786823
0.6377640529115391
0.6377301391579568
0.6377301391579568
0.6377094777551835
0.637588537100658
0.637588537100658
0.637588537100658
0.637588537100658
0.637588537100658
0.637588537100658
0.6375346601629177
0.6375346601629177
0.6375346601629177
0.6375346601629177
0.6375112247836757
0.6374221186528465
0.6374014195751895
0.6374014195751895
0.6373835655370665
0.6373835655370665
0.6373835655370665
0.6372156559454998
0.6372156559454998
0.6372156559454998
0.6372156559454998
0.6372040529043937
0.6372040529043937
0.6371309675365069
0.6370915113943225
0.6369694684923303
0.6369694684923303
0.6369694684923303
0.6369694684923303
0.6369694684923303
0.6369694684923303
0.6369694684923303
0.6369694684923303
0.6369694684923303
0.6369694684923303
0.6369098467907716
0.6369098467907716
0.6367779464314585
0.6367553913222821
0.6367553913222821
0.6367553913222821
0.6367553913222821
0.6366041789703966
0.6366041789703966
0.6366041789703966
0.6366041789703966
0.6366041789703966
0.6366041789703966
0.6366041789703966
0.6366041789703966
0.6366041789703966
0.6366041789703966
0.636591113054293
0.636536266509325
0.636536266509325
0.636536266509325
0.6364991786407563
0.636309547377618
0.6363026587815691
0.6363009093023133
0.6363009093023133
0.6363009093023133
0.6363009093023133
0.6363009093023133
0.6363009093023133
0.6362103657310124
0.6362103657310124
0.6362103657310124
0.6362103657310124
0.6360028148000154
0.6360028148000154
0.6360028148000154
0.6360028148000154
0.6360028148000154
0.6360028148000154
0.6360028148000154
0.6359703020437893
0.6357371595069666
0.6357371595069666
0.6357371595069666
0.6357371595069666
0.6357371595069666
0.6357371595069666
0.6357057869689505
0.6357057869689505
0.6357057869689505
0.6356692470458951
0.6356692470458951
0.6356692470458951
0.6356692470458951
0.6356692470458951
0.6356692470458951
0.6356188653619532
0.6356188653619532
0.6356188653619532
0.6356188653619532
0.6356188653619532
0.635462122886324
0.635462122886324
0.635462122886324
0.635462122886324
0.635462122886324
0.635462122886324
0.635462122886324
0.635462122886324
0.6354541233605225
0.6354199010752271
0.6354199010752271
0.6354199010752271
0.6354199010752271
0.6354199010752271
0.6353386597088474
0.6353386597088474
0.635318872863663
0.6352744163872314
0.6351870030188117
0.6350596791709041
0.6350596791709041
0.6350596791709041
0.6350596791709041
0.6350596791709041
0.6350596791709041
0.6350596791709041
0.6350596791709041
0.6350596791709041
0.634899288043943
0.634899288043943
0.634899288043943
0.634899288043943
0.634899288043943
0.634899288043943
0.634899288043943
0.6348992880439429
0.6348992880439429
0.6348992880439429
0.6348992880439429
0.6348992880439429
0.6348992880439429
0.6348992880439429
0.6348992880439429
0.6348947845350447
0.634846007309977
0.634846007309977
0.634846007309977
0.634846007309977
0.6346212537474648
0.6346212537474648
0.6346212537474648
0.6346212537474648
0.6346212537474648
0.6346212537474648
0.6346212537474648
0.6345584647319116
0.6345584647319116
0.6345177805108354
0.6345076240364725
0.6345076240364725
0.6345076240364725
0.6345076240364725
0.6345076240364725
0.6345076240364725
0.6345076240364725
0.6345067533147387
0.6345067533147387
0.6345067533147387
0.634452147479664
0.634452147479664
0.634397765782648
0.634397765782648
0.6342900825996306
0.634203341510924
0.634203341510924
0.634203341510924
0.634203341510924
0.634203341510924
0.634203341510924
0.634203341510924
0.634203341510924
0.634203341510924
0.634203341510924
0.6342033415109238
0.6342033415109238
0.6341546474454456
0.6341546474454456
0.6341221001445442
0.6341221001445442
0.6341221001445442
0.6341221001445442
0.6341221001445442
0.6341221001445442
0.6339868690486709
0.6339868690486709
0.6339868690486709
0.6339868690486709
0.6339868690486709
0.6339868690486709
0.6339868690486709
0.6339868690486709
0.6339868690486709
0.6338933942485344
0.6338933942485344
0.6338933942485344
0.6338933942485344
0.6338933942485344
0.6338933942485344
0.6338933942485344
0.6338933942485344
0.633889829950379
0.633889829950379
0.633889829950379
0.633889829950379
0.633889829950379
0.633889829950379
0.6338791869609475
0.6338791869609475
0.6338778992775173
0.6338778992775173
0.6338778992775173
0.6338778992775173
0.6338778992775173
0.6338778992775173
0.6338778992775173
0.6338289607462552
0.6336611240543695
0.6336611240543695
0.6336611240543695
0.6336611240543695
0.6336611240543695
0.6336611240543695
0.6336611240543695
0.6336611240543695
0.6336611240543695
0.6336611240543695
0.6336611240543695
0.6336611240543695
0.6336581014677073
0.6336203037965386
0.6336203037965386
0.6336203037965386
0.6336203037965384
0.6335756342659086
0.6335756342659086
0.6335756342659086
0.6335756342659086
0.6335756342659086
0.6335756342659086
0.6335756342659086
0.6335756342659086
0.6335756342659083
0.6335756342659083
0.6335756342659083
0.6335756342659083
0.6335756342659083
0.6335756342659083
0.6335700504100538
0.6334943928995288
0.6334943928995288
0.6334943928995288
0.6334943928995288
0.6334943928995288
0.6334943928995288
0.6334943928995288
0.6334943928995288
0.6334943928995288
0.6334943928995288
0.6334943928995288
0.6334943928995287
0.6334943928995287
0.6334943928995287
0.6334943928995287
0.6334943928995287
0.6334943928995287
0.6334316038839756
0.6334316038839756
0.6334316038839756
0.6334316038839756
0.6334316038839756
0.6334316038839756
0.6334316038839756
0.6334316038839756
0.6334316038839756
0.6334316038839756
0.6334316038839756
0.6333870727383873
0.6333870727383873
0.6333870727383873
0.6333870727383873
0.6333870727383873
0.6333870727383873
0.6333457188324305
0.6333457188324305
0.6333457188324305
0.6333457188324305
0.6333457188324305
0.6333457188324305
0.6333457188324305
0.6333457188324305
0.6333457188324305
0.6333457188324305
0.6333457188324305
0.6333457188324305
0.6333457188324305
0.6333457188324305
0.6333250478408784
0.6333250478408784
0.6333250478408784
0.6332645068843794
0.6332645068843794
0.6332645068843794
0.6332645068843794
0.6332645068843794
0.6332645068843794
0.6332645068843794
0.6332645068843794
0.6332645068843794
0.6332645068843794
0.6332645068843794
0.6332645068843794
0.6332645068843794
0.6332645068843794
0.633256360250566
0.633256360250566
0.633256360250566
0.633256360250566
0.633256360250566
0.633256360250566
0.633256360250566
0.633256360250566
0.633256360250566
0.633256360250566
0.633252133342446
0.633252133342446
0.633252133342446
0.633252133342446
0.633252133342446
0.6331885247142465
0.6331885247142465
0.6331885247142465
0.6331885247142465
0.6331885247142465
0.6331885247142465
0.6331885247142465
0.6331885247142465
0.6331885247142465
0.6331885247142465
0.6331885247142465
0.6331885247142465
0.6331885247142465
0.6331885247142465
0.6331885247142465
0.6331885247142465
0.6331885247142465
0.6331885247142465
0.6331885247142465
0.6331885247142465
0.6331885247142465
0.6331885247142465
0.6331885247142465
0.6331885247142465
0.6331885247142465
0.6331885247142465
0.6331885247142465
0.6331885247142465
0.6331398306487682
0.6331398306487682
0.6331398306487682
0.6331398306487682
0.6331395031531886
0.6331395031531886
0.6331395031531886
0.6331395031531886
0.6331395031531886
0.6331395031531886
0.6331395031531886
0.6331395031531886
0.6331395031531886
0.6330858689935662
0.6330858689935662
0.6330858689935662
0.6330858689935662
0.6330854326648768
0.6330851051692972
0.6330851051692972
0.6330851051692972
0.6330851051692972
0.6330851051692972
0.6330851051692972
0.6330851051692972
0.6330851051692972
0.6330851051692972
0.6330851051692972
0.6330851051692972
0.6330851051692972
0.6330851051692972
0.6330851051692972
0.6330644341777452
0.6330644341777452
0.6330644341777452
0.6330644341777452
0.6330644341777452
0.6330644341777452
0.6330644341777452
0.6330644341777452
0.6330644341777449
0.6330644341777449
0.6330644341777449
0.6330644341777449
0.6330644341777449
0.6330499246777131
0.6330499246777131
0.6330331387419603
0.6330331387419603
0.6330331387419603
0.6330331387419603
0.6330331387419603
0.6330331387419603
0.6330331387419603
0.6330331387419603
0.6330331387419603
0.6330331387419603
0.6329800147343594
0.6329800147343594
0.6329800147343594
0.6329800147343594
0.6327854431625547
0.6327854431625547
0.6327854431625547
0.6327854431625547
0.6327854431625547
0.6327854431625547
0.6327854431625547
0.6327854431625545
0.6327854431625545
0.6327854431625545
0.6327854431625545
0.6327722219001095
0.6327722219001095
0.6327722219001095
0.6327722219001095
0.6327722219001095
0.6327722219001095
0.6327722219001095
0.6327722219001095
0.6327722219001095
0.6327609273924104
0.6327609273924104
0.6327609273924104
0.6327609273924104
0.6327609273924104
0.6327609273924104
0.6327609273924104
0.6327482225759822
0.6327482225759822
0.6326617557074706
0.6325175113055523
0.6325175113055523
0.6325175113055523
0.6325175113055523
0.6325175113055523
0.6325175113055523
0.6325175113055523
0.6325175113055523
0.6325175113055523
0.6325175113055523
0.6325175113055523
0.6325175113055523
0.6325175113055523
0.6325175113055523
0.6325175113055523
0.6325175113055523
0.6325175113055522
0.6325175113055522
0.6325175113055522
0.6325175113055522
0.6325091004215934
0.6325091004215934
0.6325091004215934
0.6325091004215934
0.6325091004215934
0.6325091004215934
0.6325091004215934
0.6325091004215934
0.6325091004215934
0.6325091004215934
0.6325091004215934
0.6325091004215933
0.6325091004215933
0.6325091004215933
0.6325091004215933
0.6325091004215933
0.6325091004215933
0.6325091004215933
0.6325091004215933
0.6325091004215933
0.6325091004215933
0.6325091004215933
0.6325091004215933
0.6325091004215933
0.6325091004215933
0.6325091004215933
0.6325091004215933
0.6325091004215933
0.6324984357001533
0.6324984357001533
0.6324984357001533
0.6324984357001533
0.6324984357001533
0.6324984357001533
0.6324984357001533
0.6324984357001533
0.6324984357001533
0.6324984357001533
0.6324984357001533
0.6324984357001533
0.6324984357001533
0.6324984357001533
0.6324984357001533
0.6324984357001533
0.6324984357001533
0.6324984357001533
0.6324984357001532
0.6324984357001532
0.6324786659277454
0.6324786659277454
0.6324786659277454
0.6324786659277454
0.6324786659277454
0.6324786659277454
0.6324786659277454
0.6324786659277454
0.6324786659277454
0.6324786659277454
0.6324786659277454
0.6324786659277454
0.6324786659277454
0.6324786659277454
0.6324786659277454
0.6324786659277454
0.6324786659277454
0.6324786659277453
0.6324489055192477
0.6324489055192477
0.6324489055192477
0.6324489055192477
0.6324489055192477
0.6324489055192477
0.6324489055192477
0.6324489055192477
0.6324489055192477
0.6324489055192477
0.6324489055192477
0.6324489055192477
0.6324288668990479
0.6324288668990479
0.6324288668990479
0.6324288668990479
0.6324288668990479
0.6324288668990479
0.6324288668990479
0.6324288668990479
0.6324288668990478
0.6324288668990478
0.6324288668990478
0.6324288668990478
0.6324288668990478
0.6324288668990478
0.6323933816606795
0.6323933816606795
0.6323933816606795
0.6323465277812119
0.6323465277812119
0.6323465277812119
0.6323465277812119
0.6323465277812119
0.6323465277812119
0.6323465277812119
0.6323465277812118
0.6323465277812118
0.6323465277812118
0.6323465277812118
0.6323465277812118
0.6323465277812118
0.6323465277812118
0.6323465277812118
0.6323465277812118
0.6323465277812118
0.6322925301373165
0.6322925301373165
0.6322925301373165
0.6322925301373165
0.6322925301373165
0.6322925301373165
0.6322925301373165
0.6322925301373165
0.6322925301373165
0.6322925301373165
0.6322925301373165
0.6322925301373165
0.6322925301373165
0.6322925301373165
0.6322925301373165
0.6322925301373165
0.6322925301373165
0.6322925301373165
0.6322925301373163
0.6322925301373163
0.6322925301373163
0.6322925301373163
0.6322925301373163
0.6322925301373163
0.6322925301373163
0.6322925301373163
0.6322925301373163
0.6322925301373163
0.6322925301373163
0.63227040168806
0.63227040168806
0.63227040168806
0.63227040168806
0.63227040168806
0.63227040168806
0.63227040168806
0.63227040168806
0.63227040168806
0.63227040168806
0.63227040168806
0.6322704016880599
0.6322704016880599
0.6322704016880599
0.6322704016880599
0.6322704016880599
0.6322704016880599
0.6322635553311802
0.6322635553311802
0.6322635553311802
0.6322635553311802
0.6322635553311802
0.6322635553311802
0.6322635553311802
0.6322635553311801
0.6322635553311801
0.6322608369266428
0.6322608369266428
0.6322608369266428
0.6322608369266428
0.6322608369266428
0.6322608369266427
0.6322608369266427
0.6322608369266427
0.6322608369266427
0.6322608369266427
0.6322608369266427
0.6322608369266426
0.6322608369266426
0.6322608369266426
0.6322608369266426
0.6322608369266426
0.6322608369266426
0.6322608369266426
0.6322496922978454
0.6322496922978454
0.6322496922978454
0.6322496922978454
0.6322496922978454
0.6322496922978454
0.6322496922978454
0.6322496922978454
0.6322496922978454
0.6322496922978454
0.6322496922978454
0.6322496922978453
0.6322496922978453
0.6322496922978453
0.6322496922978453
0.6322496922978453
0.6322496922978453
0.6322496922978453
0.6322496922978453
0.6322496922978453
0.6322496922978453
0.6322496922978453
0.6322496922978452
0.6322496922978452
0.6322433577030496
0.6322433577030496
0.6322433577030496
0.6322433577030496
0.6322433577030496
0.6322423673010156
0.6322423673010156
0.6322423673010156
0.6322423673010156
0.6322423673010156
0.6322423673010156
0.6322423673010156
0.6322423673010156
0.6322423673010156
0.6322423673010156
0.6322423673010156
0.6322423673010156
0.6322423673010156
0.6322423673010156
0.6320434376222847
0.6320434376222847
0.6320434376222847
0.6320434376222847
0.6320434376222847
0.6320434376222847
0.6320434376222847
0.6320434376222847
0.6320434376222847
0.6320434376222847
0.6320434376222847
0.6320434376222847
0.6320434376222847
0.6320434376222847
0.6320434376222847
0.6320434376222847
0.6320434376222847
0.6320434376222847
0.6320434376222847
0.6320434376222845
0.6320434376222845
0.6320434376222845
0.6320434376222845
0.6320434376222845
0.6320434376222845
0.6320434376222845
0.6320058975316644
0.6320058975316644
0.6320058975316644
0.6320058975316644
0.6320058975316644
0.6320058975316644
0.6320058975316644
0.6320058975316644
0.6320058975316644
0.6320058975316644
0.6320058975316644
0.6320058975316644
0.6320058975316644
0.6320058975316644
0.6320058975316644
0.6320058975316644
0.6320058975316644
0.6320058975316643
0.6320058975316643
0.6320058975316643
0.6320058975316643
0.6320058975316643
0.6320058975316643
0.6320058975316643
0.6320058975316643
0.6319907347576702
0.6319907347576702
0.6319907347576702
0.6319907347576702
0.6319907347576702
0.6319907347576702
0.6319907347576702
0.6319907347576702
0.6319907347576702
0.6319907347576702
0.6319907347576702
0.6319907347576702
0.6319907347576702
0.6319907347576702
0.6319907347576702
0.6319907347576702
0.6319428752941026
0.6319428752941026
0.6319428752941026
0.6319428752941026
0.6319428752941026
0.6319428752941026
0.6319428752941026
0.6319428752941026
0.6319428752941026
0.6319428752941026
0.6319428752941026
0.6319428752941026
0.6319428752941026
0.6319428752941026
0.6319428752941026
0.6319428752941026
0.6319428752941026
0.6319428752941026
0.6319428752941026
0.6318585958089026
0.6318585958089026
0.6318585958089026
0.6318585958089026
0.6318585958089026
0.6318585958089026
0.6318585958089026
0.6318585958089026
0.6318585958089026
0.6318585958089026
0.6318585958089026
0.6318585958089026
0.6318585958089026
0.6318585958089025
0.6318585958089025
0.6318585958089025
0.6318585958089025
0.6317061259236687
0.6317061259236687
0.6317061259236687
0.6317061259236687
0.6317061259236687
0.6317061259236687
0.6317061259236687
0.6317061259236687
0.6317061259236687
0.6317061259236687
0.6317061259236687
0.6317061259236687
0.6317061259236687
0.6317061259236687
0.6317061259236687
0.6317061259236687
0.6317061259236687
0.6317061259236687
0.6317061259236687
0.6317061259236687
0.6317061259236687
0.6317013993279713
0.6317013993279713
0.6317013993279713
0.6317013993279713
0.6317013993279713
0.6317013993279713
0.6317013993279713
0.6317013993279713
0.6317013993279713
0.6317013993279713
0.6317013993279713
0.6317013993279712
0.6317013993279712
0.6317013993279712
0.6317013993279712
0.6317013993279712
0.6317013993279712
0.6317013993279712
0.6317013993279712
0.6317013993279712
0.6317013993279712
0.6317013993279712
0.6317013993279712
0.6317013993279712
0.6317013993279712
0.6317013993279712
0.6317013993279712
0.6317013993279712
0.6316983280143194
0.6316983280143194
0.6316983280143194
0.6316983280143194
0.6316983280143194
0.6316983280143194
0.6316983280143194
0.6316983280143194
0.6316983280143194
0.6316983280143192
0.6316983280143192
0.6316983280143192
0.6316983280143192
0.6316983280143192
0.6316983280143192
0.6316983280143192
0.6316983280143192
0.6316983280143192
0.6316983280143192
0.6316983280143192
0.6316983280143192
0.6316983280143192
0.6316983280143192
0.6316983280143192
0.6316983280143192
0.6316983280143192
0.6316983280143192
0.6316983280143192
0.6316983280143192
0.6316983280143192
0.6316983280143192
0.6316983280143192
0.6316983280143192
0.6316983280143192
0.6316983280143192
0.6316983280143192
0.6316983280143192
0.6316983280143192
0.6316809522199853
0.6316809522199853
0.6316809522199853
0.6316809522199853
0.6316809522199853
0.6316809522199853
0.6316809522199853
0.6316809522199853
0.6316809522199853
0.6316809522199853
0.6316809522199853
0.6316809522199853
0.6316809522199853
0.6316809522199853
0.6316809522199853
0.6316809522199853
0.6316809522199853
0.6316809522199853
0.6316809522199853
0.6316809522199853
0.6316809522199853
0.6316809522199853
0.6316809522199853
0.6316809522199853
0.6316809522199853
0.6316809522199853
0.6316809522199853
0.6316809522199853
0.6316809522199853
0.6316809522199853
0.6316809522199853
0.6316809522199853
0.6316809522199853
0.6316809522199853
0.6316809522199853
0.6316289820801975
0.6316289820801975
0.6316289820801975
0.6316289820801975
0.6316289820801975
0.6316289820801975
0.6316289820801975
0.6316289820801975
0.6316289820801975
0.6316289820801975
0.6316289820801975
0.6316289820801975
0.6316289820801975
0.6316289820801975
0.6316289820801975
0.6316289820801975
0.6316289820801975
0.6316289820801975
0.6315143684814529
0.6315143684814529
0.6315143684814529
0.6315143684814529
0.6315143684814528
0.6315143684814528
0.6315143684814528
0.6315143684814528
0.6315143684814528
0.6315143684814528
0.6315143684814528
0.6315143684814528
0.6315143684814528
0.6315143684814528
0.6315143684814528
0.6315143684814528
0.6315143684814528
0.6315143684814528
0.6315143684814528
0.6315143684814528
0.6315143684814528
0.6315143684814528
0.6315143684814528
0.6315143684814528
0.6315143684814528
0.6315143684814528
0.6315143684814528
0.6315143684814528
0.6315143684814528
0.6315143684814528
0.6315143684814528
0.6315143684814528
0.6315143684814528
0.6315143684814528
0.6315143684814528
0.6315143684814528
0.6315143684814528
0.6315143684814528
0.6315143684814528
0.6315143684814528
0.6315143684814528
0.6315143684814528
0.6315143684814528
0.6315143684814528
0.6314821688935744
0.6314821688935744
0.6314821688935744
0.6314821688935744
0.6314821688935744
0.6314821688935744
0.6314821688935744
0.6314821688935744
0.6314821688935744
0.6314821688935744
0.6314821688935744
0.6314821688935744
0.6314821688935744
0.6314821688935743
0.6314821688935743
0.6314821688935743
0.6314821688935743
0.6314821688935743
0.6314821688935743
0.6314821688935743
0.6314821688935743
0.6314821688935743
0.6314821688935743
0.6314821688935743
0.6314821688935743
0.6314821688935743
0.6314821688935743
0.6314821688935743
0.6314821688935743
0.6314821688935743
0.6314821688935743
0.6314821688935743
0.6314821688935743
0.6314821688935743
0.6314821688935743
0.6314821688935743
0.6314821688935743
0.6314821688935743
0.6314821688935743
0.6314821688935743
0.6314821688935743
0.6314821688935743
0.6314821688935743
0.6314821688935743
0.6314821688935743
0.6314821688935743
0.6314821688935743
0.6314821688935743
0.6314821688935743
0.6314821688935743
0.6314821688935743
0.6314821688935743
0.6314821688935743
0.6314821688935743
0.6314821688935743
0.6314821688935743
0.6314821688935743
0.6314821688935743
0.6314821688935743
0.6314821688935743
0.6314821688935743
0.6314821688935743
0.6314821688935743
0.6314821688935743
0.6314821688935743
0.6314821688935743
0.6314821688935743
0.6314821688935743
0.6314821688935743
0.6314821688935743
0.6314821688935743
0.6314821688935743
0.6314821688935743
0.6314821688935743
0.6314821688935743
0.6314821688935743
0.6314821688935743
0.6314821688935743
0.6314821688935743
0.6314821688935743
0.6314748438967447
0.6314748438967447
0.6314748438967447
0.6314748438967447
0.6314748438967447
0.6314748438967447
0.6314748438967447
0.6314748438967447
0.6314748438967447
0.6314748438967447
0.6314748438967447
0.6314748438967447
0.6314748438967447
0.6314748438967447
0.6314748438967447
0.6314748438967446
0.6314748438967446
0.6314748438967446
0.6314748438967446
0.6314748438967446
0.6314748438967446
0.6314748438967446
0.6314748438967446
0.6314748438967446
0.6314748438967446
0.6314748438967446
0.6314748438967446
0.6314748438967446
0.6314748438967446
0.6314748438967446
0.6314748438967446
0.6314748438967446
0.6314748438967446
0.6314748438967446
0.6314748438967446
0.6314748438967446
0.6314748438967446
0.6314748438967446
0.6314748438967446
0.6314748438967446
0.6314748438967446
0.6314748438967446
0.6314748438967446
0.6314748438967446
0.6314748438967446
0.6314748438967446
0.6314748438967446
0.6314748438967446
0.6314665364810976
0.6314665364810976
0.6314665364810976
0.6314665364810976
0.6314665364810976
0.6314665364810976
0.6314665364810976
0.6314665364810976
0.6314665364810976
0.6314665364810976
0.6314665364810976
0.6314665364810976
0.6314665364810976
0.6314665364810976
0.6314665364810976
0.6314665364810976
0.6314665364810976
0.6314665364810976
0.6314665364810976
0.6314665364810976
0.6314665364810976
0.6314665364810976
0.6314665364810976
0.6314665364810976
0.6314665364810976
0.6314665364810976
0.6314665364810976
0.6314665364810976
0.6314665364810976
0.6314665364810976
0.6314665364810976
0.6314665364810976
0.6314665364810976
0.6314665364810976
0.6314665364810976
0.6314665364810976
0.6314665364810976
0.6314665364810976
0.6314665364810976
0.6314665364810976
0.6314665364810976
0.6314665364810976
0.6314665364810976
0.6314665364810976
0.6314665364810976
0.6314665364810976
0.6314665364810976
0.6314665364810976
0.6314665364810976
0.6314665364810976
0.6314665364810976
0.6314665364810976
0.6314665364810976
0.6314665364810976
0.6314665364810976
0.6314665364810976
0.6314665364810976
0.6314665364810976
0.6314665364810976
0.6314665364810976
0.6314665364810976
0.6314665364810976
0.6314665364810976
0.6314665364810976
0.6314665364810976
0.6314665364810976
0.6314665364810976
0.6314665364810976
0.6314665364810976
0.6314665364810976
0.631459690124218
0.631459690124218
0.631459690124218
0.631459690124218
0.631459690124218
0.631459690124218
0.631459690124218
0.631459690124218
0.631459690124218
0.631459690124218
0.631459690124218
0.631459690124218
0.631459690124218
0.631459690124218
0.631459690124218
0.631459690124218
0.631459690124218
0.631459690124218
0.6314596901242179
0.6314596901242179
0.6314596901242179
0.6314596901242179
0.6314596901242179
0.6314596901242179
0.6314596901242179
0.6314596901242179
0.6314596901242179
0.6314596901242179
0.6314596901242179
0.6314596901242179
0.6314596901242179
0.6314596901242179
0.6314596901242179
0.6314596901242179
0.6314596901242179
0.6314596901242179
0.6314596901242179
0.6314596901242179
0.6314596901242179
0.6314596901242179
0.6314596901242179
0.6314596901242179
0.6314596901242179
0.6314596901242179
0.6314596901242179
0.6314596901242179
0.6314596901242179
0.6314596901242179
0.6314596901242179
0.6314596901242179
0.6314596901242179
0.6314596901242179
0.6314596901242179
0.6314596901242179
0.6314596901242179
0.6314596901242179
0.6314596901242179
0.6314596901242179
0.6314596901242179
0.6314596901242179
0.6314596901242179
0.6314596901242179
0.6314596901242179
0.6314596901242179
0.6314596901242179
0.6314596901242179
0.6314596901242179
0.6314596901242179
0.6314596901242179
0.6314596901242179
0.6314596901242179
0.6314596901242179
0.6314596901242179
0.6314596901242179
0.6314596901242179
0.6314596901242179
0.6314596901242179
0.6314596901242179
0.6314596901242179
0.6314596901242179
0.6314596901242179
0.6314596901242179
0.6314596901242179
0.6314596901242179
0.6314596901242179
0.6314596901242179
0.6314596901242179
0.6314596901242179
0.6314596901242179
0.6314596901242179
0.6314596901242179
0.6314596901242179
0.6314596901242179
0.6314596901242179
0.6314596901242179
0.6314596901242179
0.6314596901242179
0.6314596901242179
0.6314596901242179
0.6314596901242179
0.6314596901242179
0.6314596901242179
0.6314596901242179
0.6314596901242179
0.6314596901242179
0.6314596901242179
0.6314596901242179
0.6314596901242179
0.6314596901242179
0.6314596901242179
0.6314596901242179
0.6314596901242179
0.6314596901242179
0.6314596901242179
0.6314596901242179
0.6314596901242179
0.6314596901242179
0.6314596901242179
0.6314596901242179
0.6314596901242179
0.6314596901242179
0.6314596901242179
0.6314596901242179
0.6314596901242179
0.6314596901242179
0.6314596901242179
0.6314596901242179
0.6314596901242179
0.6314596901242179
0.6314596901242179
0.6314596901242179
0.6314596901242179
0.6314596901242179
0.6314596901242179
0.6314596901242179
0.6314596901242179
0.6314596901242179
0.6314596901242179
0.6314596901242179
0.6314596901242179
0.6314596901242179
0.6314596901242179
0.6314596901242179
0.6314596901242179
0.6314596901242179
0.6314596901242179
0.6314596901242179
0.6314596901242179
0.6314596901242179
0.6314596901242179
0.6314596901242179
0.6314596901242179
0.6314596901242179
0.6314596901242179
0.6314596901242179
0.6314596901242179
0.6314596901242179
0.6314596901242179
0.6314596901242179
0.6314596901242179
0.6314596901242179
0.6314596901242179
0.6314596901242179
0.6314596901242179
0.6314596901242179
0.6314596901242179
0.6314596901242179
0.6314596901242179
0.6314596901242179
0.6314596901242179
0.6314596901242179
0.6314596901242179
0.6314596901242179
0.6314596901242179
0.6314596901242179
0.6314596901242179
0.6314596901242179
0.6314596901242179
0.6314596901242179
0.6314596901242179
0.6314596901242179
0.6314596901242179
0.6314596901242179
0.6314596901242179
0.6314596901242179
0.6314596901242179
0.6314596901242179
0.6314596901242179
0.6314596901242179
0.6314596901242179
0.6314596901242179
0.6314596901242179
0.6314596901242179
0.6314596901242179
0.6314596901242179
0.6314596901242179
0.6314596901242179
0.6314596901242179
0.6314596901242179
0.6314596901242179
0.6314596901242179
0.6314596901242179
0.6314596901242179
0.6314596901242179
0.6314596901242179
0.6314596901242179
0.6314596901242179
0.6314596901242179
0.6314596901242179
0.6314596901242179
0.6314596901242179
0.6314596901242179
0.6314596901242179
0.6314596901242179
0.6314596901242179
0.6314596901242179
0.6314596901242179
0.6314596901242179
0.6314596901242179
0.6314596901242179
0.6314596901242179
0.6314596901242179
0.6314596901242179
0.6314596901242179
0.6314596901242179
0.6314596901242179
0.6314596901242179
0.6314596901242179
0.6314596901242179