929
1.3709 0.8900 0.5472
1.3709 0.8900 0.5472
1.3709 0.8900 0.5472
1.3709 0.8900 0.5472
1.4008 0.9500 0.5789
1.4008 0.9500 0.5789
1.4008 0.9500 0.5789
1.4008 0.9500 0.5789
1.4008 0.9500 0.5789
1.4008 0.9500 0.5789
1.4034 0.8800 0.5024
1.4034 0.8800 0.5024
1.4123 0.9500 0.5668
1.4123 0.9500 0.5668
1.4123 0.9500 0.5668
1.4205 0.9500 0.5582
1.4205 0.9500 0.5582
1.4205 0.9500 0.5582
1.4240 0.9500 0.5545
1.4240 0.9500 0.5545
1.4378 0.9600 0.5505
1.4378 0.9600 0.5505
1.4378 0.9600 0.5505
1.4474 0.9500 0.5299
1.4474 0.9500 0.5299
1.4474 0.9500 0.5299
1.4474 0.9500 0.5299
1.4474 0.9500 0.5299
1.4474 0.9500 0.5299
1.4474 0.9500 0.5299
1.4522 0.9600 0.5353
1.4523 0.9600 0.5352
1.4523 0.9600 0.5352
1.4523 0.9600 0.5352
1.4523 0.9600 0.5352
1.4544 0.9500 0.5225
1.4579 0.9500 0.5188
1.4579 0.9500 0.5188
1.4600 0.9600 0.5271
1.4600 0.9600 0.5271
1.4600 0.9600 0.5271
1.4605 0.9600 0.5266
1.4605 0.9600 0.5266
1.4605 0.9600 0.5266
1.4635 0.9600 0.5234
1.4635 0.9600 0.5234
1.4635 0.9600 0.5234
1.4635 0.9600 0.5234
1.4645 0.9500 0.5118
1.4645 0.9500 0.5118
1.4645 0.9500 0.5118
1.4645 0.9500 0.5118
1.4660 0.9600 0.5207
1.4660 0.9600 0.5207
1.4660 0.9600 0.5207
1.4695 0.9500 0.5065
1.4695 0.9500 0.5065
1.4695 0.9500 0.5065
1.4695 0.9500 0.5065
1.4695 0.9500 0.5065
1.4695 0.9500 0.5065
1.4703 0.9600 0.5163
1.4755 0.9600 0.5107
1.4755 0.9600 0.5107
1.4755 0.9600 0.5107
1.4755 0.9600 0.5107
1.4762 0.9600 0.5100
1.4762 0.9600 0.5100
1.4762 0.9600 0.5100
1.4762 0.9600 0.5100
1.4805 0.9600 0.5055
1.4805 0.9600 0.5055
1.4805 0.9600 0.5055
1.4805 0.9600 0.5055
1.4805 0.9600 0.5055
1.4805 0.9600 0.5055
1.4805 0.9600 0.5055
1.4847 0.9700 0.5116
1.4847 0.9700 0.5116
1.4847 0.9700 0.5116
1.4847 0.9700 0.5116
1.4847 0.9700 0.5116
1.4862 0.9600 0.4995
1.4872 0.9700 0.5090
1.4892 0.9900 0.5279
1.4892 0.9900 0.5279
1.4892 0.9900 0.5279
1.4892 0.9900 0.5279
1.4892 0.9900 0.5279
1.4892 0.9900 0.5279
1.4892 0.9900 0.5279
1.4930 0.9800 0.5134
1.4930 0.9800 0.5134
1.4958 0.9900 0.5210
1.4958 0.9900 0.5210
1.4958 0.9900 0.5210
1.4982 0.9900 0.5185
1.4982 0.9900 0.5185
1.4982 0.9900 0.5185
1.4985 0.9800 0.5075
1.4985 0.9800 0.5075
1.4985 0.9800 0.5075
1.4985 0.9800 0.5075
1.4985 0.9800 0.5075
1.4985 0.9800 0.5075
1.4985 0.9800 0.5075
1.4985 0.9800 0.5075
1.4985 0.9800 0.5075
1.4989 1.0000 0.5283
1.4989 1.0000 0.5283
1.4989 1.0000 0.5283
1.4989 1.0000 0.5283
1.4989 1.0000 0.5283
1.4989 1.0000 0.5283
1.4989 1.0000 0.5283
1.4989 1.0000 0.5283
1.5001 0.9800 0.5059
1.5068 0.9900 0.5094
1.5068 0.9900 0.5094
1.5068 0.9900 0.5094
1.5068 0.9900 0.5094
1.5068 0.9900 0.5094
1.5068 0.9900 0.5094
1.5068 0.9900 0.5094
1.5068 0.9900 0.5094
1.5068 0.9900 0.5094
1.5068 0.9900 0.5094
1.5068 0.9900 0.5094
1.5068 0.9900 0.5094
1.5099 1.0000 0.5166
1.5099 1.0000 0.5166
1.5099 1.0000 0.5166
1.5099 1.0000 0.5166
1.5099 1.0000 0.5166
1.5099 1.0000 0.5166
1.5099 1.0000 0.5166
1.5099 1.0000 0.5166
1.5099 1.0000 0.5166
1.5099 1.0000 0.5166
1.5099 1.0000 0.5166
1.5099 1.0000 0.5166
1.5099 1.0000 0.5166
1.5099 1.0000 0.5166
1.5099 1.0000 0.5166
1.5099 1.0000 0.5166
1.5099 1.0000 0.5166
1.5099 1.0000 0.5166
1.5099 1.0000 0.5166
1.5099 1.0000 0.5166
1.5099 1.0000 0.5166
1.5099 1.0000 0.5166
1.5099 1.0000 0.5166
1.5099 1.0000 0.5166
1.5099 1.0000 0.5166
1.5099 1.0000 0.5166
1.5099 1.0000 0.5166
1.5099 1.0000 0.5166
1.5099 1.0000 0.5166
1.5099 1.0000 0.5166
1.5099 1.0000 0.5166
1.5099 1.0000 0.5166
1.5099 1.0000 0.5166
1.5099 1.0000 0.5166
1.5099 1.0000 0.5166
1.5099 1.0000 0.5166
1.5099 1.0000 0.5166
1.5099 1.0000 0.5166
1.5099 1.0000 0.5166
1.5099 1.0000 0.5166
1.5099 1.0000 0.5166
1.5099 1.0000 0.5166
1.5099 1.0000 0.5166
1.5099 1.0000 0.5166
1.5099 1.0000 0.5166
1.5099 1.0000 0.5166
1.5099 1.0000 0.5166
1.5099 1.0000 0.5166
1.5099 1.0000 0.5166
1.5099 1.0000 0.5166
1.5099 1.0000 0.5166
1.5099 1.0000 0.5166
1.5099 1.0000 0.5166
1.5099 1.0000 0.5166
1.5099 1.0000 0.5166
1.5099 1.0000 0.5166
1.5099 1.0000 0.5166
1.5099 1.0000 0.5166
1.5099 1.0000 0.5166
1.5099 1.0000 0.5166
1.5099 1.0000 0.5166
1.5099 1.0000 0.5166
1.5099 1.0000 0.5166
1.5099 1.0000 0.5166
1.5099 1.0000 0.5166
1.5099 1.0000 0.5166
1.5099 1.0000 0.5166
1.5099 1.0000 0.5166
1.5099 1.0000 0.5166
1.5099 1.0000 0.5166
1.5099 1.0000 0.5166
1.5099 1.0000 0.5166
1.5099 1.0000 0.5166
1.5099 1.0000 0.5166
1.5099 1.0000 0.5166
1.5099 1.0000 0.5166
1.5099 1.0000 0.5166
1.5099 1.0000 0.5166
1.5099 1.0000 0.5166
1.5099 1.0000 0.5166
1.5099 1.0000 0.5166
1.5099 1.0000 0.5166
1.5099 1.0000 0.5166
1.5099 1.0000 0.5166
1.5099 1.0000 0.5166
1.5099 1.0000 0.5166
1.5099 1.0000 0.5166
1.5099 1.0000 0.5166
1.5099 1.0000 0.5166
1.5099 1.0000 0.5166
1.5099 1.0000 0.5166
1.5099 1.0000 0.5166
1.5099 1.0000 0.5166
1.5099 1.0000 0.5166
1.5099 1.0000 0.5166
1.5099 1.0000 0.5166
1.5099 1.0000 0.5166
1.5099 1.0000 0.5166
1.5099 1.0000 0.5166
1.5099 1.0000 0.5166
1.5099 1.0000 0.5166
1.5099 1.0000 0.5166
1.5099 1.0000 0.5166
1.5099 1.0000 0.5166
1.5099 1.0000 0.5166
1.5099 1.0000 0.5166
1.5099 1.0000 0.5166
1.5099 1.0000 0.5166
1.5099 1.0000 0.5166
1.5099 1.0000 0.5166
1.5099 1.0000 0.5166
1.5099 1.0000 0.5166
1.5099 1.0000 0.5166
1.5099 1.0000 0.5166
1.5099 1.0000 0.5166
1.5099 1.0000 0.5166
1.5099 1.0000 0.5166
1.5099 1.0000 0.5166
1.5099 1.0000 0.5166
1.5099 1.0000 0.5166
1.5099 1.0000 0.5166
1.5099 1.0000 0.5166
1.5099 1.0000 0.5166
1.5099 1.0000 0.5166
1.5099 1.0000 0.5166
1.5099 1.0000 0.5166
1.5099 1.0000 0.5166
1.5099 1.0000 0.5166
1.5099 1.0000 0.5166
1.5099 1.0000 0.5166
1.5099 1.0000 0.5166
1.5099 1.0000 0.5166
1.5099 1.0000 0.5166
1.5099 1.0000 0.5166
1.5099 1.0000 0.5166
1.5099 1.0000 0.5166
1.5099 1.0000 0.5166
1.5099 1.0000 0.5166
1.5099 1.0000 0.5166
1.5099 1.0000 0.5166
1.5099 1.0000 0.5166
1.5099 1.0000 0.5166
1.5099 1.0000 0.5166
1.5099 1.0000 0.5166
1.5099 1.0000 0.5166
1.5099 1.0000 0.5166
1.5099 1.0000 0.5166
1.5099 1.0000 0.5166
1.5099 1.0000 0.5166
1.5099 1.0000 0.5166
1.5099 1.0000 0.5166
1.5099 1.0000 0.5166
1.5099 1.0000 0.5166
1.5099 1.0000 0.5166
1.5099 1.0000 0.5166
1.5099 1.0000 0.5166
1.5099 1.0000 0.5166
1.5099 1.0000 0.5166
1.5099 1.0000 0.5166
1.5099 1.0000 0.5166
1.5099 1.0000 0.5166
1.5099 1.0000 0.5166
1.5099 1.0000 0.5166
1.5099 1.0000 0.5166
1.5099 1.0000 0.5166
1.5099 1.0000 0.5166
1.5099 1.0000 0.5166
1.5099 1.0000 0.5166
1.5099 1.0000 0.5166
1.5099 1.0000 0.5166
1.5099 1.0000 0.5166
1.5099 1.0000 0.5166
1.5099 1.0000 0.5166
1.5099 1.0000 0.5166
1.5099 1.0000 0.5166
1.5099 1.0000 0.5166
1.5099 1.0000 0.5166
1.5099 1.0000 0.5166
1.5099 1.0000 0.5166
1.5099 1.0000 0.5166
1.5099 1.0000 0.5166
1.5099 1.0000 0.5166
1.5099 1.0000 0.5166
1.5099 1.0000 0.5166
1.5099 1.0000 0.5166
1.5099 1.0000 0.5166
1.5099 1.0000 0.5166
1.5099 1.0000 0.5166
1.5099 1.0000 0.5166
1.5099 1.0000 0.5166
1.5099 1.0000 0.5166
1.5099 1.0000 0.5166
1.5099 1.0000 0.5166
1.5099 1.0000 0.5166
1.5099 1.0000 0.5166
1.5099 1.0000 0.5166
1.5099 1.0000 0.5166
1.5099 1.0000 0.5166
1.5099 1.0000 0.5166
1.5099 1.0000 0.5166
1.5099 1.0000 0.5166
1.5099 1.0000 0.5166
1.5099 1.0000 0.5166
1.5099 1.0000 0.5166
1.5099 1.0000 0.5166
1.5099 1.0000 0.5166
1.5099 1.0000 0.5166
1.5099 1.0000 0.5166
1.5099 1.0000 0.5166
1.5099 1.0000 0.5166
1.5099 1.0000 0.5166
1.5099 1.0000 0.5166
1.5099 1.0000 0.5166
1.5099 1.0000 0.5166
1.5099 1.0000 0.5166
1.5099 1.0000 0.5166
1.5099 1.0000 0.5166
1.5099 1.0000 0.5166
1.5099 1.0000 0.5166
1.5099 1.0000 0.5166
1.5099 1.0000 0.5166
1.5099 1.0000 0.5166
1.5099 1.0000 0.5166
1.5099 1.0000 0.5166
1.5099 1.0000 0.5166
1.5099 1.0000 0.5166
1.5099 1.0000 0.5166
1.5099 1.0000 0.5166
1.5099 1.0000 0.5166
1.5099 1.0000 0.5166
1.5099 1.0000 0.5166
1.5099 1.0000 0.5166
1.5099 1.0000 0.5166
1.5099 1.0000 0.5166
1.5099 1.0000 0.5166
1.5099 1.0000 0.5166
1.5099 1.0000 0.5166
1.5099 1.0000 0.5166
1.5099 1.0000 0.5166
1.5099 1.0000 0.5166
1.5099 1.0000 0.5166
1.5099 1.0000 0.5166
1.5099 1.0000 0.5166
1.5099 1.0000 0.5166
1.5099 1.0000 0.5166
1.5099 1.0000 0.5166
1.5099 1.0000 0.5166
1.5099 1.0000 0.5166
1.5099 1.0000 0.5166
1.5099 1.0000 0.5166
1.5099 1.0000 0.5166
1.5099 1.0000 0.5166
1.5099 1.0000 0.5166
1.5099 1.0000 0.5166
1.5099 1.0000 0.5166
1.5099 1.0000 0.5166
1.5099 1.0000 0.5166
1.5099 1.0000 0.5166
1.5099 1.0000 0.5166
1.5099 1.0000 0.5166
1.5099 1.0000 0.5166
1.5099 1.0000 0.5166
1.5099 1.0000 0.5166
1.5099 1.0000 0.5166
1.5099 1.0000 0.5166
1.5099 1.0000 0.5166
1.5099 1.0000 0.5166
1.5099 1.0000 0.5166
1.5099 1.0000 0.5166
1.5099 1.0000 0.5166
1.5099 1.0000 0.5166
1.5099 1.0000 0.5166
1.5099 1.0000 0.5166
1.5099 1.0000 0.5166
1.5099 1.0000 0.5166
1.5099 1.0000 0.5166
1.5099 1.0000 0.5166
1.5099 1.0000 0.5166
1.5099 1.0000 0.5166
1.5099 1.0000 0.5166
1.5099 1.0000 0.5166
1.5099 1.0000 0.5166
1.5099 1.0000 0.5166
1.5099 1.0000 0.5166
1.5099 1.0000 0.5166
1.5099 1.0000 0.5166
1.5099 1.0000 0.5166
1.5099 1.0000 0.5166
1.5099 1.0000 0.5166
1.5099 1.0000 0.5166
1.5099 1.0000 0.5166
1.5099 1.0000 0.5166
1.5099 1.0000 0.5166
1.5099 1.0000 0.5166
1.5099 1.0000 0.5166
1.5099 1.0000 0.5166
1.5099 1.0000 0.5166
1.5099 1.0000 0.5166
1.5099 1.0000 0.5166
1.5099 1.0000 0.5166
1.5099 1.0000 0.5166
1.5099 1.0000 0.5166
1.5099 1.0000 0.5166
1.5099 1.0000 0.5166
1.5099 1.0000 0.5166
1.5099 1.0000 0.5166
1.5099 1.0000 0.5166
1.5099 1.0000 0.5166
1.5099 1.0000 0.5166
1.5099 1.0000 0.5166
1.5099 1.0000 0.5166
1.5099 1.0000 0.5166
1.5099 1.0000 0.5166
1.5099 1.0000 0.5166
1.5099 1.0000 0.5166
1.5099 1.0000 0.5166
1.5099 1.0000 0.5166
1.5099 1.0000 0.5166
1.5099 1.0000 0.5166
1.5099 1.0000 0.5166
1.5099 1.0000 0.5166
1.5099 1.0000 0.5166
1.5099 1.0000 0.5166
1.5099 1.0000 0.5166
1.5099 1.0000 0.5166
1.5099 1.0000 0.5166
1.5099 1.0000 0.5166
1.5099 1.0000 0.5166
1.5099 1.0000 0.5166
1.5099 1.0000 0.5166
1.5099 1.0000 0.5166
1.5099 1.0000 0.5166
1.5099 1.0000 0.5166
1.5099 1.0000 0.5166
1.5099 1.0000 0.5166
1.5099 1.0000 0.5166
1.5099 1.0000 0.5166
1.5099 1.0000 0.5166
1.5099 1.0000 0.5166
1.5099 1.0000 0.5166
1.5099 1.0000 0.5166
1.5099 1.0000 0.5166
1.5099 1.0000 0.5166
1.5099 1.0000 0.5166
1.5099 1.0000 0.5166
1.5099 1.0000 0.5166
1.5099 1.0000 0.5166
1.5099 1.0000 0.5166
1.5099 1.0000 0.5166
1.5099 1.0000 0.5166
1.5099 1.0000 0.5166
1.5099 1.0000 0.5166
1.5099 1.0000 0.5166
1.5099 1.0000 0.5166
1.5099 1.0000 0.5166
1.5099 1.0000 0.5166
1.5099 1.0000 0.5166
1.5099 1.0000 0.5166
1.5099 1.0000 0.5166
1.5099 1.0000 0.5166
1.5099 1.0000 0.5166
1.5099 1.0000 0.5166
1.5099 1.0000 0.5166
1.5099 1.0000 0.5166
1.5099 1.0000 0.5166
1.5099 1.0000 0.5166
1.5099 1.0000 0.5166
1.5099 1.0000 0.5166
1.5099 1.0000 0.5166
1.5099 1.0000 0.5166
1.5099 1.0000 0.5166
1.5099 1.0000 0.5166
1.5099 1.0000 0.5166
1.5099 1.0000 0.5166
1.5099 1.0000 0.5166
1.5099 1.0000 0.5166
1.5099 1.0000 0.5166
1.5099 1.0000 0.5166
1.5099 1.0000 0.5166
1.5099 1.0000 0.5166
1.5099 1.0000 0.5166
1.5099 1.0000 0.5166
1.5099 1.0000 0.5166
1.5099 1.0000 0.5166
1.5099 1.0000 0.5166
1.5099 1.0000 0.5166
1.5099 1.0000 0.5166
1.5099 1.0000 0.5166
1.5099 1.0000 0.5166
1.5099 1.0000 0.5166
1.5099 1.0000 0.5166
1.5099 1.0000 0.5166
1.5099 1.0000 0.5166
1.5099 1.0000 0.5166
1.5099 1.0000 0.5166
1.5099 1.0000 0.5166
1.5099 1.0000 0.5166
1.5099 1.0000 0.5166
1.5099 1.0000 0.5166
1.5099 1.0000 0.5166
1.5099 1.0000 0.5166
1.5099 1.0000 0.5166
1.5099 1.0000 0.5166
1.5099 1.0000 0.5166
1.5099 1.0000 0.5166
1.5099 1.0000 0.5166
1.5099 1.0000 0.5166
1.5099 1.0000 0.5166
1.5099 1.0000 0.5166
1.5099 1.0000 0.5166
1.5099 1.0000 0.5166
1.5099 1.0000 0.5166
1.5099 1.0000 0.5166
1.5099 1.0000 0.5166
1.5099 1.0000 0.5166
1.5099 1.0000 0.5166
1.5099 1.0000 0.5166
1.5099 1.0000 0.5166
1.5099 1.0000 0.5166
1.5099 1.0000 0.5166
1.5099 1.0000 0.5166
1.5099 1.0000 0.5166
1.5099 1.0000 0.5166
1.5099 1.0000 0.5166
1.5099 1.0000 0.5166
1.5099 1.0000 0.5166
1.5099 1.0000 0.5166
1.5099 1.0000 0.5166
1.5099 1.0000 0.5166
1.5099 1.0000 0.5166
1.5099 1.0000 0.5166
1.5099 1.0000 0.5166
1.5099 1.0000 0.5166
1.5099 1.0000 0.5166
1.5099 1.0000 0.5166
1.5099 1.0000 0.5166
1.5099 1.0000 0.5166
1.5099 1.0000 0.5166
1.5099 1.0000 0.5166
1.5099 1.0000 0.5166
1.5099 1.0000 0.5166
1.5099 1.0000 0.5166
1.5099 1.0000 0.5166
1.5099 1.0000 0.5166
1.5099 1.0000 0.5166
1.5099 1.0000 0.5166
1.5099 1.0000 0.5166
1.5099 1.0000 0.5166
1.5099 1.0000 0.5166
1.5099 1.0000 0.5166
1.5099 1.0000 0.5166
1.5099 1.0000 0.5166
1.5099 1.0000 0.5166
1.5099 1.0000 0.5166
1.5099 1.0000 0.5166
1.5099 1.0000 0.5166
1.5099 1.0000 0.5166
1.5099 1.0000 0.5166
1.5099 1.0000 0.5166
1.5099 1.0000 0.5166
1.5099 1.0000 0.5166
1.5099 1.0000 0.5166
1.5099 1.0000 0.5166
1.5099 1.0000 0.5166
1.5099 1.0000 0.5166
1.5099 1.0000 0.5166
1.5099 1.0000 0.5166
1.5099 1.0000 0.5166
1.5099 1.0000 0.5166
1.5099 1.0000 0.5166
1.5099 1.0000 0.5166
1.5099 1.0000 0.5166
1.5099 1.0000 0.5166
1.5099 1.0000 0.5166
1.5099 1.0000 0.5166
1.5099 1.0000 0.5166
1.5099 1.0000 0.5166
1.5099 1.0000 0.5166
1.5099 1.0000 0.5166
1.5099 1.0000 0.5166
1.5099 1.0000 0.5166
1.5099 1.0000 0.5166
1.5099 1.0000 0.5166
1.5099 1.0000 0.5166
1.5099 1.0000 0.5166
1.5099 1.0000 0.5166
1.5099 1.0000 0.5166
1.5099 1.0000 0.5166
1.5099 1.0000 0.5166
1.5099 1.0000 0.5166
1.5099 1.0000 0.5166
1.5099 1.0000 0.5166
1.5099 1.0000 0.5166
1.5099 1.0000 0.5166
1.5099 1.0000 0.5166
1.5099 1.0000 0.5166
1.5099 1.0000 0.5166
1.5099 1.0000 0.5166
1.5099 1.0000 0.5166
1.5099 1.0000 0.5166
1.5099 1.0000 0.5166
1.5099 1.0000 0.5166
1.5099 1.0000 0.5166
1.5099 1.0000 0.5166
1.5099 1.0000 0.5166
1.5099 1.0000 0.5166
1.5099 1.0000 0.5166
1.5099 1.0000 0.5166
1.5099 1.0000 0.5166
1.5099 1.0000 0.5166
1.5099 1.0000 0.5166
1.5099 1.0000 0.5166
1.5099 1.0000 0.5166
1.5099 1.0000 0.5166
1.5099 1.0000 0.5166
1.5099 1.0000 0.5166
1.5099 1.0000 0.5166
1.5099 1.0000 0.5166
1.5099 1.0000 0.5166
1.5099 1.0000 0.5166
1.5099 1.0000 0.5166
1.5099 1.0000 0.5166
1.5099 1.0000 0.5166
1.5099 1.0000 0.5166
1.5099 1.0000 0.5166
1.5099 1.0000 0.5166
1.5099 1.0000 0.5166
1.5099 1.0000 0.5166
1.5099 1.0000 0.5166
1.5099 1.0000 0.5166
1.5099 1.0000 0.5166
1.5099 1.0000 0.5166
1.5099 1.0000 0.5166
1.5099 1.0000 0.5166
1.5099 1.0000 0.5166
1.5099 1.0000 0.5166
1.5099 1.0000 0.5166
1.5099 1.0000 0.5166
1.5099 1.0000 0.5166
1.5099 1.0000 0.5166
1.5099 1.0000 0.5166
1.5099 1.0000 0.5166
1.5099 1.0000 0.5166
1.5099 1.0000 0.5166
1.5099 1.0000 0.5166
1.5099 1.0000 0.5166
1.5099 1.0000 0.5166
1.5099 1.0000 0.5166
1.5099 1.0000 0.5166
1.5099 1.0000 0.5166
1.5099 1.0000 0.5166
1.5099 1.0000 0.5166
1.5099 1.0000 0.5166
1.5099 1.0000 0.5166
1.5099 1.0000 0.5166
1.5099 1.0000 0.5166
1.5099 1.0000 0.5166
1.5099 1.0000 0.5166
1.5099 1.0000 0.5166
1.5099 1.0000 0.5166
1.5099 1.0000 0.5166
1.5099 1.0000 0.5166
1.5099 1.0000 0.5166
1.5099 1.0000 0.5166
1.5099 1.0000 0.5166
1.5099 1.0000 0.5166
1.5099 1.0000 0.5166
1.5099 1.0000 0.5166
1.5099 1.0000 0.5166
1.5099 1.0000 0.5166
1.5099 1.0000 0.5166
1.5099 1.0000 0.5166
1.5099 1.0000 0.5166
1.5099 1.0000 0.5166
1.5099 1.0000 0.5166
1.5099 1.0000 0.5166
1.5099 1.0000 0.5166
1.5099 1.0000 0.5166
1.5099 1.0000 0.5166
1.5099 1.0000 0.5166
1.5099 1.0000 0.5166
1.5099 1.0000 0.5166
1.5099 1.0000 0.5166
1.5099 1.0000 0.5166
1.5099 1.0000 0.5166
1.5099 1.0000 0.5166
1.5099 1.0000 0.5166
1.5099 1.0000 0.5166
1.5099 1.0000 0.5166
1.5099 1.0000 0.5166
1.5099 1.0000 0.5166
1.5099 1.0000 0.5166
1.5099 1.0000 0.5166
1.5099 1.0000 0.5166
1.5099 1.0000 0.5166
1.5099 1.0000 0.5166
1.5099 1.0000 0.5166
1.5099 1.0000 0.5166
1.5099 1.0000 0.5166
1.5099 1.0000 0.5166
1.5099 1.0000 0.5166
1.5099 1.0000 0.5166
1.5099 1.0000 0.5166
1.5099 1.0000 0.5166
1.5099 1.0000 0.5166
1.5099 1.0000 0.5166
1.5099 1.0000 0.5166
1.5099 1.0000 0.5166
1.5099 1.0000 0.5166
1.5099 1.0000 0.5166
1.5099 1.0000 0.5166
1.5099 1.0000 0.5166
1.5099 1.0000 0.5166
1.5099 1.0000 0.5166
1.5099 1.0000 0.5166
1.5099 1.0000 0.5166
1.5099 1.0000 0.5166
1.5099 1.0000 0.5166
1.5099 1.0000 0.5166
1.5099 1.0000 0.5166
1.5099 1.0000 0.5166
1.5099 1.0000 0.5166
1.5099 1.0000 0.5166
1.5099 1.0000 0.5166
1.5099 1.0000 0.5166
1.5099 1.0000 0.5166
1.5099 1.0000 0.5166
1.5099 1.0000 0.5166
1.5099 1.0000 0.5166
1.5099 1.0000 0.5166
1.5099 1.0000 0.5166
1.5099 1.0000 0.5166
1.5099 1.0000 0.5166
1.5099 1.0000 0.5166
1.5099 1.0000 0.5166
1.5099 1.0000 0.5166
1.5099 1.0000 0.5166
1.5099 1.0000 0.5166
1.5099 1.0000 0.5166
1.5099 1.0000 0.5166
1.5099 1.0000 0.5166
1.5099 1.0000 0.5166
1.5099 1.0000 0.5166
1.5099 1.0000 0.5166
1.5099 1.0000 0.5166
1.5099 1.0000 0.5166
1.5099 1.0000 0.5166
1.5099 1.0000 0.5166
1.5099 1.0000 0.5166
1.5099 1.0000 0.5166
1.5099 1.0000 0.5166
1.5099 1.0000 0.5166
1.5099 1.0000 0.5166
1.5099 1.0000 0.5166
1.5099 1.0000 0.5166
1.5099 1.0000 0.5166
1.5099 1.0000 0.5166
1.5099 1.0000 0.5166
1.5099 1.0000 0.5166
1.5099 1.0000 0.5166
1.5099 1.0000 0.5166
1.5099 1.0000 0.5166
1.5099 1.0000 0.5166
1.5099 1.0000 0.5166
1.5099 1.0000 0.5166
1.5099 1.0000 0.5166
1.5099 1.0000 0.5166
1.5099 1.0000 0.5166
1.5099 1.0000 0.5166
1.5099 1.0000 0.5166
1.5099 1.0000 0.5166
1.5099 1.0000 0.5166
1.5099 1.0000 0.5166
1.5099 1.0000 0.5166
1.5099 1.0000 0.5166
1.5099 1.0000 0.5166
1.5099 1.0000 0.5166
1.5099 1.0000 0.5166
1.5099 1.0000 0.5166
1.5099 1.0000 0.5166
1.5099 1.0000 0.5166
1.5099 1.0000 0.5166
1.5099 1.0000 0.5166
1.5099 1.0000 0.5166
1.5099 1.0000 0.5166
1.5099 1.0000 0.5166
1.5099 1.0000 0.5166
1.5099 1.0000 0.5166
1.5099 1.0000 0.5166
1.5099 1.0000 0.5166
1.5099 1.0000 0.5166
1.5099 1.0000 0.5166
1.5099 1.0000 0.5166
1.5099 1.0000 0.5166
1.5099 1.0000 0.5166
1.5099 1.0000 0.5166
1.5099 1.0000 0.5166
1.5099 1.0000 0.5166
1.5099 1.0000 0.5166
1.5099 1.0000 0.5166
1.5099 1.0000 0.5166
1.5099 1.0000 0.5166
1.5099 1.0000 0.5166
1.5099 1.0000 0.5166
1.5099 1.0000 0.5166
1.5099 1.0000 0.5166
1.5099 1.0000 0.5166
1.5099 1.0000 0.5166
1.5099 1.0000 0.5166
1.5099 1.0000 0.5166
1.5099 1.0000 0.5166
1.5099 1.0000 0.5166
1.5099 1.0000 0.5166
1.5099 1.0000 0.5166
1.5099 1.0000 0.5166
1.5099 1.0000 0.5166
1.5099 1.0000 0.5166
1.5099 1.0000 0.5166
1.5099 1.0000 0.5166
1.5099 1.0000 0.5166
1.5099 1.0000 0.5166
1.5099 1.0000 0.5166
1.5099 1.0000 0.5166
1.5099 1.0000 0.5166
1.5099 1.0000 0.5166
1.5099 1.0000 0.5166
1.5099 1.0000 0.5166
1.5099 1.0000 0.5166
1.5099 1.0000 0.5166
1.5099 1.0000 0.5166
1.5099 1.0000 0.5166
1.5099 1.0000 0.5166
1.5099 1.0000 0.5166
1.5099 1.0000 0.5166
1.5099 1.0000 0.5166
1.5099 1.0000 0.5166
1.5099 1.0000 0.5166
1.5099 1.0000 0.5166
1.5099 1.0000 0.5166
1.5099 1.0000 0.5166
1.5099 1.0000 0.5166
1.5099 1.0000 0.5166
1.5099 1.0000 0.5166
1.5099 1.0000 0.5166
1.5099 1.0000 0.5166
1.5099 1.0000 0.5166
1.5099 1.0000 0.5166
1.5099 1.0000 0.5166
1.5099 1.0000 0.5166
1.5099 1.0000 0.5166
1.5099 1.0000 0.5166
1.5099 1.0000 0.5166
1.5099 1.0000 0.5166
1.5099 1.0000 0.5166
1.5099 1.0000 0.5166
1.5099 1.0000 0.5166
1.5099 1.0000 0.5166
1.5099 1.0000 0.5166
1.5099 1.0000 0.5166
1.5099 1.0000 0.5166
1.5099 1.0000 0.5166
1.5099 1.0000 0.5166
1.5099 1.0000 0.5166
1.5099 1.0000 0.5166
1.5099 1.0000 0.5166
1.5099 1.0000 0.5166
1.5099 1.0000 0.5166
1.5099 1.0000 0.5166
1.5099 1.0000 0.5166
1.5099 1.0000 0.5166
1.5099 1.0000 0.5166
1.5099 1.0000 0.5166
1.5099 1.0000 0.5166
1.5099 1.0000 0.5166
1.5099 1.0000 0.5166
1.5099 1.0000 0.5166
1.5099 1.0000 0.5166
1.5099 1.0000 0.5166
1.5099 1.0000 0.5166
1.5099 1.0000 0.5166
1.5099 1.0000 0.5166
1.5099 1.0000 0.5166
1.5099 1.0000 0.5166
1.5099 1.0000 0.5166
1.5099 1.0000 0.5166
1.5099 1.0000 0.5166
1.5099 1.0000 0.5166
1.5099 1.0000 0.5166
1.5099 1.0000 0.5166
1.5099 1.0000 0.5166
1.5099 1.0000 0.5166
1.5099 1.0000 0.5166
1.5099 1.0000 0.5166
1.5099 1.0000 0.5166
1.5099 1.0000 0.5166
1.5099 1.0000 0.5166
1.5099 1.0000 0.5166
1.5099 1.0000 0.5166
1.5099 1.0000 0.5166
1.5099 1.0000 0.5166