1297
0.8625 0.4275 0.7234
0.8625 0.4275 0.7234
0.8625 0.4275 0.7234
0.8625 0.4275 0.7234
0.8625 0.4275 0.7234
0.8641 0.4275 0.7213
0.8641 0.4275 0.7213
0.9097 0.4425 0.6821
0.9078 0.4425 0.6846
0.8981 0.4400 0.6938
0.8981 0.4400 0.6938
0.8885 0.4375 0.7028
0.8885 0.4375 0.7028
0.8885 0.4375 0.7028
0.9190 0.4450 0.6734
0.9033 0.4375 0.6840
0.9033 0.4375 0.6840
0.8967 0.4400 0.6957
0.9190 0.4450 0.6734
0.9190 0.4450 0.6734
0.8773 0.4300 0.7077
0.8773 0.4300 0.7077
0.8715 0.4225 0.7054
0.9173 0.4350 0.6628
0.9173 0.4350 0.6628
0.8714 0.4175 0.6992
0.8947 0.4250 0.6790
0.8978 0.4325 0.6846
0.8978 0.4325 0.6846
0.8885 0.4250 0.6868
0.8885 0.4250 0.6868
0.8885 0.4250 0.6868
0.8885 0.4250 0.6868
0.8885 0.4250 0.6868
0.8885 0.4250 0.6868
0.8978 0.4325 0.6846
0.8919 0.4225 0.6794
0.8919 0.4225 0.6794
0.9059 0.4325 0.6743
0.9059 0.4325 0.6743
0.9059 0.4325 0.6743
0.9059 0.4325 0.6743
0.8902 0.4250 0.6848
0.9059 0.4325 0.6743
0.9229 0.4400 0.6621
0.9229 0.4400 0.6621
0.9400 0.4475 0.6498
0.9482 0.4475 0.6393
0.9482 0.4475 0.6393
0.9482 0.4475 0.6393
0.9641 0.4525 0.6253
0.9641 0.4525 0.6253
0.9641 0.4525 0.6253
0.9641 0.4525 0.6253
0.9641 0.4525 0.6253
0.9482 0.4475 0.6393
0.9482 0.4475 0.6393
0.9444 0.4400 0.6346
0.9444 0.4400 0.6346
0.9444 0.4400 0.6346
0.9444 0.4400 0.6346
0.9444 0.4400 0.6346
0.9641 0.4525 0.6253
0.9641 0.4525 0.6253
0.9641 0.4525 0.6253
0.9495 0.4450 0.6344
0.9641 0.4525 0.6253
0.9641 0.4525 0.6253
0.9641 0.4525 0.6253
0.9641 0.4525 0.6253
0.9444 0.4400 0.6346
0.9444 0.4400 0.6346
0.9444 0.4400 0.6346
0.9475 0.4400 0.6306
0.9568 0.4500 0.6315
0.9641 0.4525 0.6253
0.9444 0.4400 0.6346
0.9444 0.4400 0.6346
0.9444 0.4400 0.6346
0.9444 0.4400 0.6346
0.9444 0.4400 0.6346
0.9444 0.4400 0.6346
0.9444 0.4400 0.6346
0.9444 0.4400 0.6346
0.9444 0.4400 0.6346
0.9444 0.4400 0.6346
0.9444 0.4400 0.6346
0.9643 0.4475 0.6187
0.9643 0.4475 0.6187
0.9475 0.4400 0.6306
0.9475 0.4400 0.6306
0.9475 0.4400 0.6306
0.9447 0.4375 0.6310
0.9447 0.4375 0.6310
0.9447 0.4375 0.6310
0.9447 0.4375 0.6310
0.9447 0.4375 0.6310
0.9447 0.4375 0.6310
0.9447 0.4375 0.6310
0.9475 0.4400 0.6306
0.9475 0.4400 0.6306
0.9475 0.4400 0.6306
0.9447 0.4375 0.6310
0.9827 0.4550 0.6047
0.9424 0.4375 0.6339
0.9424 0.4375 0.6339
0.9424 0.4375 0.6339
0.9447 0.4375 0.6310
0.9447 0.4375 0.6310
0.9447 0.4375 0.6310
0.9478 0.4375 0.6269
0.9478 0.4375 0.6269
0.9827 0.4550 0.6047
0.9827 0.4550 0.6047
0.9827 0.4550 0.6047
0.9827 0.4550 0.6047
0.9827 0.4550 0.6047
0.9827 0.4550 0.6047
0.9827 0.4550 0.6047
0.9478 0.4375 0.6269
0.9827 0.4550 0.6047
0.9827 0.4550 0.6047
0.9827 0.4550 0.6047
0.9827 0.4550 0.6047
0.9827 0.4550 0.6047
0.9827 0.4550 0.6047
0.9827 0.4550 0.6047
0.9827 0.4550 0.6047
0.9478 0.4375 0.6269
0.9478 0.4375 0.6269
0.9827 0.4550 0.6047
0.9827 0.4550 0.6047
0.9827 0.4550 0.6047
0.9827 0.4550 0.6047
0.9510 0.4350 0.6196
0.9827 0.4550 0.6047
0.9827 0.4550 0.6047
0.9750 0.4550 0.6146
0.9750 0.4550 0.6146
0.9827 0.4550 0.6047
0.9827 0.4550 0.6047
0.9827 0.4550 0.6047
0.9827 0.4550 0.6047
0.9827 0.4550 0.6047
0.9827 0.4550 0.6047
0.9827 0.4550 0.6047
0.9827 0.4550 0.6047
0.9827 0.4550 0.6047
0.9827 0.4550 0.6047
0.9827 0.4550 0.6047
0.9827 0.4550 0.6047
0.9827 0.4550 0.6047
0.9827 0.4550 0.6047
0.9827 0.4550 0.6047
0.9683 0.4475 0.6135
0.9683 0.4475 0.6135
0.9827 0.4550 0.6047
0.9827 0.4550 0.6047
0.9827 0.4550 0.6047
0.9827 0.4550 0.6047
0.9827 0.4550 0.6047
0.9827 0.4550 0.6047
0.9827 0.4550 0.6047
0.9827 0.4550 0.6047
0.9827 0.4550 0.6047
0.9827 0.4550 0.6047
0.9827 0.4550 0.6047
0.9827 0.4550 0.6047
0.9827 0.4550 0.6047
0.9827 0.4550 0.6047
0.9827 0.4550 0.6047
0.9827 0.4550 0.6047
0.9827 0.4550 0.6047
0.9827 0.4550 0.6047
0.9827 0.4550 0.6047
0.9827 0.4550 0.6047
0.9827 0.4550 0.6047
0.9827 0.4550 0.6047
0.9827 0.4550 0.6047
0.9827 0.4550 0.6047
0.9592 0.4450 0.6220
0.9592 0.4450 0.6220
0.9592 0.4450 0.6220
0.9592 0.4450 0.6220
0.9592 0.4450 0.6220
0.9592 0.4450 0.6220
0.9592 0.4450 0.6220
0.9592 0.4450 0.6220
0.9592 0.4450 0.6220
0.9592 0.4450 0.6220
0.9592 0.4450 0.6220
0.9592 0.4450 0.6220
0.9592 0.4450 0.6220
0.9592 0.4450 0.6220
0.9592 0.4450 0.6220
0.9592 0.4450 0.6220
0.9592 0.4450 0.6220
0.9592 0.4450 0.6220
0.9592 0.4450 0.6220
0.9592 0.4450 0.6220
0.9592 0.4450 0.6220
0.9592 0.4450 0.6220
0.9592 0.4450 0.6220
0.9592 0.4450 0.6220
0.9592 0.4450 0.6220
0.9592 0.4450 0.6220
0.9592 0.4450 0.6220
0.9592 0.4450 0.6220
0.9592 0.4450 0.6220
0.9592 0.4450 0.6220
0.9614 0.4475 0.6223
0.9614 0.4475 0.6223
0.9614 0.4475 0.6223
0.9592 0.4450 0.6220
0.9592 0.4450 0.6220
0.9592 0.4450 0.6220
0.9592 0.4450 0.6220
0.9592 0.4450 0.6220
0.9509 0.4375 0.6230
0.9509 0.4375 0.6230
0.9509 0.4375 0.6230
0.9509 0.4375 0.6230
0.9592 0.4450 0.6220
0.9602 0.4475 0.6240
0.9602 0.4475 0.6240
0.9602 0.4475 0.6240
0.9602 0.4475 0.6240
0.9602 0.4475 0.6240
0.9602 0.4475 0.6240
0.9602 0.4475 0.6240
0.9602 0.4475 0.6240
0.9602 0.4475 0.6240
0.9602 0.4475 0.6240
0.9602 0.4475 0.6240
0.9602 0.4475 0.6240
0.9602 0.4475 0.6240
0.9602 0.4475 0.6240
0.9602 0.4475 0.6240
0.9602 0.4475 0.6240
0.9602 0.4475 0.6240
0.9602 0.4475 0.6240
0.9602 0.4475 0.6240
0.9602 0.4475 0.6240
0.9602 0.4475 0.6240
0.9602 0.4475 0.6240
0.9602 0.4475 0.6240
0.9602 0.4475 0.6240
0.9602 0.4475 0.6240
0.9602 0.4475 0.6240
0.9602 0.4475 0.6240
0.9602 0.4475 0.6240
0.9602 0.4475 0.6240
0.9602 0.4475 0.6240
0.9602 0.4475 0.6240
0.9602 0.4475 0.6240
0.9602 0.4475 0.6240
0.9602 0.4475 0.6240
0.9602 0.4475 0.6240
0.9602 0.4475 0.6240
0.9602 0.4475 0.6240
0.9602 0.4475 0.6240
0.9602 0.4475 0.6240
0.9602 0.4475 0.6240
0.9602 0.4475 0.6240
0.9602 0.4475 0.6240
0.9602 0.4475 0.6240
0.9602 0.4475 0.6240
0.9602 0.4475 0.6240
0.9602 0.4475 0.6240
0.9602 0.4475 0.6240
0.9602 0.4475 0.6240
0.9602 0.4475 0.6240
0.9602 0.4475 0.6240
0.9602 0.4475 0.6240
0.9602 0.4475 0.6240
0.9602 0.4475 0.6240
0.9602 0.4475 0.6240
0.9602 0.4475 0.6240
0.9602 0.4475 0.6240
0.9602 0.4475 0.6240
0.9602 0.4475 0.6240
0.9602 0.4475 0.6240
0.9602 0.4475 0.6240
0.9602 0.4475 0.6240
0.9602 0.4475 0.6240
0.9602 0.4475 0.6240
0.9602 0.4475 0.6240
0.9602 0.4475 0.6240
0.9602 0.4475 0.6240
0.9602 0.4475 0.6240
0.9602 0.4475 0.6240
0.9602 0.4475 0.6240
0.9602 0.4475 0.6240
0.9602 0.4475 0.6240
0.9602 0.4475 0.6240
0.9602 0.4475 0.6240
0.9602 0.4475 0.6240
0.9602 0.4475 0.6240
0.9602 0.4475 0.6240
0.9602 0.4475 0.6240
0.9602 0.4475 0.6240
0.9602 0.4475 0.6240
0.9602 0.4475 0.6240
0.9602 0.4475 0.6240
0.9602 0.4475 0.6240
0.9602 0.4475 0.6240
0.9602 0.4475 0.6240
0.9602 0.4475 0.6240
0.9602 0.4475 0.6240
0.9602 0.4475 0.6240
0.9602 0.4475 0.6240
0.9602 0.4475 0.6240
0.9602 0.4475 0.6240
0.9602 0.4475 0.6240
0.9602 0.4475 0.6240
0.9602 0.4475 0.6240
0.9602 0.4475 0.6240
0.9602 0.4475 0.6240
0.9602 0.4475 0.6240
0.9602 0.4475 0.6240
0.9602 0.4475 0.6240
0.9602 0.4475 0.6240
0.9602 0.4475 0.6240
0.9602 0.4475 0.6240
0.9602 0.4475 0.6240
0.9602 0.4475 0.6240
0.9602 0.4475 0.6240
0.9602 0.4475 0.6240
0.9602 0.4475 0.6240
0.9602 0.4475 0.6240
0.9602 0.4475 0.6240
0.9602 0.4475 0.6240
0.9602 0.4475 0.6240
0.9602 0.4475 0.6240
0.9602 0.4475 0.6240
0.9602 0.4475 0.6240
0.9602 0.4475 0.6240
0.9602 0.4475 0.6240
0.9602 0.4475 0.6240
0.9602 0.4475 0.6240
0.9602 0.4475 0.6240
0.9602 0.4475 0.6240
0.9602 0.4475 0.6240
0.9602 0.4475 0.6240
0.9602 0.4475 0.6240
0.9602 0.4475 0.6240
0.9602 0.4475 0.6240
0.9602 0.4475 0.6240
0.9602 0.4475 0.6240
0.9602 0.4475 0.6240
0.9602 0.4475 0.6240
0.9602 0.4475 0.6240
0.9602 0.4475 0.6240
0.9602 0.4475 0.6240
0.9602 0.4475 0.6240
0.9602 0.4475 0.6240
0.9602 0.4475 0.6240
0.9602 0.4475 0.6240
0.9602 0.4475 0.6240
0.9602 0.4475 0.6240
0.9602 0.4475 0.6240
0.9602 0.4475 0.6240
0.9602 0.4475 0.6240
0.9602 0.4475 0.6240
0.9602 0.4475 0.6240
0.9602 0.4475 0.6240
0.9602 0.4475 0.6240
0.9602 0.4475 0.6240
0.9602 0.4475 0.6240
0.9602 0.4475 0.6240
0.9602 0.4475 0.6240
0.9602 0.4475 0.6240
0.9602 0.4475 0.6240
0.9602 0.4475 0.6240
0.9602 0.4475 0.6240
0.9602 0.4475 0.6240
0.9602 0.4475 0.6240
0.9602 0.4475 0.6240
0.9602 0.4475 0.6240
0.9602 0.4475 0.6240
0.9602 0.4475 0.6240
0.9602 0.4475 0.6240
0.9602 0.4475 0.6240
0.9602 0.4475 0.6240
0.9602 0.4475 0.6240
0.9602 0.4475 0.6240
0.9602 0.4475 0.6240
0.9602 0.4475 0.6240
0.9602 0.4475 0.6240
0.9602 0.4475 0.6240
0.9602 0.4475 0.6240
0.9602 0.4475 0.6240
0.9602 0.4475 0.6240
0.9602 0.4475 0.6240
0.9602 0.4475 0.6240
0.9602 0.4475 0.6240
0.9602 0.4475 0.6240
0.9602 0.4475 0.6240
0.9602 0.4475 0.6240
0.9602 0.4475 0.6240
0.9602 0.4475 0.6240
0.9602 0.4475 0.6240
0.9602 0.4475 0.6240
0.9602 0.4475 0.6240
0.9602 0.4475 0.6240
0.9602 0.4475 0.6240
0.9602 0.4475 0.6240
0.9602 0.4475 0.6240
0.9602 0.4475 0.6240
0.9602 0.4475 0.6240
0.9602 0.4475 0.6240
0.9602 0.4475 0.6240
0.9602 0.4475 0.6240
0.9602 0.4475 0.6240
0.9602 0.4475 0.6240
0.9602 0.4475 0.6240
0.9602 0.4475 0.6240
0.9602 0.4475 0.6240
0.9602 0.4475 0.6240
0.9602 0.4475 0.6240
0.9602 0.4475 0.6240
0.9602 0.4475 0.6240
0.9602 0.4475 0.6240
0.9602 0.4475 0.6240
0.9602 0.4475 0.6240
0.9602 0.4475 0.6240
0.9602 0.4475 0.6240
0.9602 0.4475 0.6240
0.9602 0.4475 0.6240
0.9602 0.4475 0.6240
0.9602 0.4475 0.6240
0.9602 0.4475 0.6240
0.9602 0.4475 0.6240
0.9602 0.4475 0.6240
0.9602 0.4475 0.6240
0.9602 0.4475 0.6240
0.9602 0.4475 0.6240
0.9602 0.4475 0.6240
0.9602 0.4475 0.6240
0.9602 0.4475 0.6240
0.9602 0.4475 0.6240
0.9602 0.4475 0.6240
0.9602 0.4475 0.6240
0.9602 0.4475 0.6240
0.9602 0.4475 0.6240
0.9602 0.4475 0.6240
0.9602 0.4475 0.6240
0.9602 0.4475 0.6240
0.9602 0.4475 0.6240
0.9602 0.4475 0.6240
0.9602 0.4475 0.6240
0.9602 0.4475 0.6240
0.9602 0.4475 0.6240
0.9602 0.4475 0.6240
0.9602 0.4475 0.6240
0.9602 0.4475 0.6240
0.9602 0.4475 0.6240
0.9602 0.4475 0.6240
0.9602 0.4475 0.6240
0.9602 0.4475 0.6240
0.9602 0.4475 0.6240
0.9602 0.4475 0.6240
0.9602 0.4475 0.6240
0.9602 0.4475 0.6240
0.9602 0.4475 0.6240
0.9602 0.4475 0.6240
0.9602 0.4475 0.6240
0.9602 0.4475 0.6240
0.9602 0.4475 0.6240
0.9602 0.4475 0.6240
0.9602 0.4475 0.6240
0.9602 0.4475 0.6240
0.9602 0.4475 0.6240
0.9602 0.4475 0.6240
0.9602 0.4475 0.6240
0.9602 0.4475 0.6240
0.9602 0.4475 0.6240
0.9602 0.4475 0.6240
0.9602 0.4475 0.6240
0.9602 0.4475 0.6240
0.9602 0.4475 0.6240
0.9602 0.4475 0.6240
0.9602 0.4475 0.6240
0.9602 0.4475 0.6240
0.9602 0.4475 0.6240
0.9602 0.4475 0.6240
0.9602 0.4475 0.6240
0.9602 0.4475 0.6240
0.9602 0.4475 0.6240
0.9602 0.4475 0.6240
0.9602 0.4475 0.6240
0.9602 0.4475 0.6240
0.9602 0.4475 0.6240
0.9602 0.4475 0.6240
0.9602 0.4475 0.6240
0.9602 0.4475 0.6240
0.9602 0.4475 0.6240
0.9602 0.4475 0.6240
0.9602 0.4475 0.6240
0.9602 0.4475 0.6240
0.9602 0.4475 0.6240
0.9602 0.4475 0.6240
0.9602 0.4475 0.6240
0.9602 0.4475 0.6240
0.9602 0.4475 0.6240
0.9602 0.4475 0.6240
0.9602 0.4475 0.6240
0.9602 0.4475 0.6240
0.9602 0.4475 0.6240
0.9602 0.4475 0.6240
0.9602 0.4475 0.6240
0.9602 0.4475 0.6240
0.9602 0.4475 0.6240
0.9602 0.4475 0.6240
0.9602 0.4475 0.6240
0.9602 0.4475 0.6240
0.9602 0.4475 0.6240
0.9602 0.4475 0.6240
0.9602 0.4475 0.6240
0.9602 0.4475 0.6240
0.9602 0.4475 0.6240
0.9602 0.4475 0.6240
0.9602 0.4475 0.6240
0.9602 0.4475 0.6240
0.9602 0.4475 0.6240
0.9602 0.4475 0.6240
0.9602 0.4475 0.6240
0.9602 0.4475 0.6240
0.9602 0.4475 0.6240
0.9602 0.4475 0.6240
0.9602 0.4475 0.6240
0.9602 0.4475 0.6240
0.9602 0.4475 0.6240
0.9602 0.4475 0.6240
0.9602 0.4475 0.6240
0.9602 0.4475 0.6240
0.9602 0.4475 0.6240
0.9602 0.4475 0.6240
0.9602 0.4475 0.6240
0.9602 0.4475 0.6240
0.9602 0.4475 0.6240
0.9602 0.4475 0.6240
0.9602 0.4475 0.6240
0.9602 0.4475 0.6240
0.9602 0.4475 0.6240
0.9602 0.4475 0.6240
0.9602 0.4475 0.6240
0.9602 0.4475 0.6240
0.9602 0.4475 0.6240
0.9602 0.4475 0.6240
0.9602 0.4475 0.6240
0.9602 0.4475 0.6240
0.9602 0.4475 0.6240
0.9602 0.4475 0.6240
0.9602 0.4475 0.6240
0.9602 0.4475 0.6240
0.9602 0.4475 0.6240
0.9602 0.4475 0.6240
0.9602 0.4475 0.6240
0.9602 0.4475 0.6240
0.9602 0.4475 0.6240
0.9602 0.4475 0.6240
0.9602 0.4475 0.6240
0.9602 0.4475 0.6240
0.9602 0.4475 0.6240
0.9602 0.4475 0.6240
0.9602 0.4475 0.6240
0.9602 0.4475 0.6240
0.9602 0.4475 0.6240
0.9602 0.4475 0.6240
0.9602 0.4475 0.6240
0.9602 0.4475 0.6240
0.9602 0.4475 0.6240
0.9602 0.4475 0.6240
0.9602 0.4475 0.6240
0.9602 0.4475 0.6240
0.9602 0.4475 0.6240
0.9602 0.4475 0.6240
0.9602 0.4475 0.6240
0.9602 0.4475 0.6240
0.9602 0.4475 0.6240
0.9602 0.4475 0.6240
0.9602 0.4475 0.6240
0.9602 0.4475 0.6240
0.9602 0.4475 0.6240
0.9602 0.4475 0.6240
0.9602 0.4475 0.6240
0.9602 0.4475 0.6240
0.9602 0.4475 0.6240
0.9602 0.4475 0.6240
0.9602 0.4475 0.6240
0.9602 0.4475 0.6240
0.9602 0.4475 0.6240
0.9602 0.4475 0.6240
0.9602 0.4475 0.6240
0.9602 0.4475 0.6240
0.9602 0.4475 0.6240
0.9602 0.4475 0.6240
0.9602 0.4475 0.6240
0.9602 0.4475 0.6240
0.9602 0.4475 0.6240
0.9602 0.4475 0.6240
0.9602 0.4475 0.6240
0.9602 0.4475 0.6240
0.9602 0.4475 0.6240
0.9602 0.4475 0.6240
0.9602 0.4475 0.6240
0.9602 0.4475 0.6240
0.9602 0.4475 0.6240
0.9602 0.4475 0.6240
0.9602 0.4475 0.6240
0.9602 0.4475 0.6240
0.9602 0.4475 0.6240
0.9602 0.4475 0.6240
0.9602 0.4475 0.6240
0.9602 0.4475 0.6240
0.9602 0.4475 0.6240
0.9602 0.4475 0.6240
0.9602 0.4475 0.6240
0.9602 0.4475 0.6240
0.9602 0.4475 0.6240
0.9602 0.4475 0.6240
0.9602 0.4475 0.6240
0.9602 0.4475 0.6240
0.9602 0.4475 0.6240
0.9602 0.4475 0.6240
0.9602 0.4475 0.6240
0.9602 0.4475 0.6240
0.9602 0.4475 0.6240
0.9602 0.4475 0.6240
0.9602 0.4475 0.6240
0.9602 0.4475 0.6240
0.9602 0.4475 0.6240
0.9602 0.4475 0.6240
0.9602 0.4475 0.6240
0.9602 0.4475 0.6240
0.9602 0.4475 0.6240
0.9602 0.4475 0.6240
0.9602 0.4475 0.6240
0.9602 0.4475 0.6240
0.9602 0.4475 0.6240
0.9602 0.4475 0.6240
0.9602 0.4475 0.6240
0.9602 0.4475 0.6240
0.9602 0.4475 0.6240
0.9602 0.4475 0.6240
0.9602 0.4475 0.6240
0.9602 0.4475 0.6240
0.9602 0.4475 0.6240
0.9602 0.4475 0.6240
0.9602 0.4475 0.6240
0.9602 0.4475 0.6240
0.9602 0.4475 0.6240
0.9602 0.4475 0.6240
0.9602 0.4475 0.6240
0.9602 0.4475 0.6240
0.9602 0.4475 0.6240
0.9602 0.4475 0.6240
0.9602 0.4475 0.6240
0.9602 0.4475 0.6240
0.9602 0.4475 0.6240
0.9602 0.4475 0.6240
0.9602 0.4475 0.6240
0.9602 0.4475 0.6240
0.9602 0.4475 0.6240
0.9602 0.4475 0.6240
0.9602 0.4475 0.6240
0.9602 0.4475 0.6240
0.9602 0.4475 0.6240
0.9602 0.4475 0.6240
0.9602 0.4475 0.6240
0.9602 0.4475 0.6240
0.9602 0.4475 0.6240
0.9602 0.4475 0.6240
0.9602 0.4475 0.6240
0.9602 0.4475 0.6240
0.9602 0.4475 0.6240
0.9602 0.4475 0.6240
0.9602 0.4475 0.6240
0.9602 0.4475 0.6240
0.9602 0.4475 0.6240
0.9602 0.4475 0.6240
0.9602 0.4475 0.6240
0.9602 0.4475 0.6240
0.9602 0.4475 0.6240
0.9602 0.4475 0.6240
0.9602 0.4475 0.6240
0.9602 0.4475 0.6240
0.9602 0.4475 0.6240
0.9602 0.4475 0.6240
0.9602 0.4475 0.6240
0.9602 0.4475 0.6240
0.9602 0.4475 0.6240
0.9602 0.4475 0.6240
0.9602 0.4475 0.6240
0.9602 0.4475 0.6240
0.9602 0.4475 0.6240
0.9602 0.4475 0.6240
0.9602 0.4475 0.6240
0.9602 0.4475 0.6240
0.9602 0.4475 0.6240
0.9602 0.4475 0.6240
0.9602 0.4475 0.6240
0.9602 0.4475 0.6240
0.9602 0.4475 0.6240
0.9602 0.4475 0.6240
0.9602 0.4475 0.6240
0.9602 0.4475 0.6240
0.9602 0.4475 0.6240
0.9602 0.4475 0.6240
0.9602 0.4475 0.6240
0.9602 0.4475 0.6240
0.9602 0.4475 0.6240
0.9602 0.4475 0.6240
0.9602 0.4475 0.6240
0.9602 0.4475 0.6240
0.9602 0.4475 0.6240
0.9602 0.4475 0.6240
0.9602 0.4475 0.6240
0.9602 0.4475 0.6240
0.9602 0.4475 0.6240
0.9602 0.4475 0.6240
0.9602 0.4475 0.6240
0.9602 0.4475 0.6240
0.9602 0.4475 0.6240
0.9602 0.4475 0.6240
0.9602 0.4475 0.6240
0.9602 0.4475 0.6240
0.9602 0.4475 0.6240
0.9602 0.4475 0.6240
0.9602 0.4475 0.6240
0.9602 0.4475 0.6240
0.9602 0.4475 0.6240
0.9602 0.4475 0.6240
0.9602 0.4475 0.6240
0.9602 0.4475 0.6240
0.9602 0.4475 0.6240
0.9602 0.4475 0.6240
0.9602 0.4475 0.6240
0.9602 0.4475 0.6240
0.9602 0.4475 0.6240
0.9602 0.4475 0.6240
0.9602 0.4475 0.6240
0.9602 0.4475 0.6240
0.9602 0.4475 0.6240
0.9602 0.4475 0.6240
0.9602 0.4475 0.6240
0.9602 0.4475 0.6240
0.9602 0.4475 0.6240
0.9602 0.4475 0.6240
0.9602 0.4475 0.6240
0.9602 0.4475 0.6240
0.9602 0.4475 0.6240
0.9602 0.4475 0.6240
0.9602 0.4475 0.6240
0.9602 0.4475 0.6240
0.9602 0.4475 0.6240
0.9602 0.4475 0.6240
0.9602 0.4475 0.6240
0.9602 0.4475 0.6240
0.9602 0.4475 0.6240
0.9602 0.4475 0.6240
0.9602 0.4475 0.6240
0.9602 0.4475 0.6240
0.9602 0.4475 0.6240
0.9602 0.4475 0.6240
0.9602 0.4475 0.6240
0.9602 0.4475 0.6240
0.9602 0.4475 0.6240
0.9602 0.4475 0.6240
0.9602 0.4475 0.6240
0.9602 0.4475 0.6240
0.9602 0.4475 0.6240
0.9602 0.4475 0.6240
0.9602 0.4475 0.6240
0.9602 0.4475 0.6240
0.9602 0.4475 0.6240
0.9602 0.4475 0.6240
0.9602 0.4475 0.6240
0.9602 0.4475 0.6240
0.9602 0.4475 0.6240
0.9602 0.4475 0.6240
0.9602 0.4475 0.6240
0.9602 0.4475 0.6240
0.9602 0.4475 0.6240
0.9602 0.4475 0.6240
0.9602 0.4475 0.6240
0.9602 0.4475 0.6240
0.9602 0.4475 0.6240
0.9602 0.4475 0.6240
0.9602 0.4475 0.6240
0.9602 0.4475 0.6240
0.9602 0.4475 0.6240
0.9602 0.4475 0.6240
0.9602 0.4475 0.6240
0.9602 0.4475 0.6240
0.9602 0.4475 0.6240
0.9602 0.4475 0.6240
0.9602 0.4475 0.6240
0.9602 0.4475 0.6240
0.9602 0.4475 0.6240
0.9602 0.4475 0.6240
0.9602 0.4475 0.6240
0.9602 0.4475 0.6240
0.9602 0.4475 0.6240
0.9602 0.4475 0.6240
0.9602 0.4475 0.6240
0.9602 0.4475 0.6240
0.9602 0.4475 0.6240
0.9602 0.4475 0.6240
0.9602 0.4475 0.6240
0.9602 0.4475 0.6240
0.9602 0.4475 0.6240
0.9602 0.4475 0.6240
0.9602 0.4475 0.6240
0.9602 0.4475 0.6240
0.9602 0.4475 0.6240
0.9602 0.4475 0.6240
0.9602 0.4475 0.6240
0.9602 0.4475 0.6240
0.9602 0.4475 0.6240
0.9602 0.4475 0.6240
0.9602 0.4475 0.6240
0.9602 0.4475 0.6240
0.9602 0.4475 0.6240
0.9602 0.4475 0.6240
0.9602 0.4475 0.6240
0.9602 0.4475 0.6240
0.9602 0.4475 0.6240
0.9602 0.4475 0.6240
0.9602 0.4475 0.6240
0.9602 0.4475 0.6240
0.9602 0.4475 0.6240
0.9602 0.4475 0.6240
0.9602 0.4475 0.6240
0.9602 0.4475 0.6240
0.9602 0.4475 0.6240
0.9602 0.4475 0.6240
0.9602 0.4475 0.6240
0.9602 0.4475 0.6240
0.9602 0.4475 0.6240
0.9602 0.4475 0.6240
0.9602 0.4475 0.6240
0.9602 0.4475 0.6240
0.9602 0.4475 0.6240
0.9602 0.4475 0.6240
0.9602 0.4475 0.6240
0.9602 0.4475 0.6240
0.9602 0.4475 0.6240
0.9602 0.4475 0.6240
0.9602 0.4475 0.6240
0.9602 0.4475 0.6240
0.9602 0.4475 0.6240
0.9602 0.4475 0.6240
0.9602 0.4475 0.6240
0.9602 0.4475 0.6240
0.9602 0.4475 0.6240
0.9602 0.4475 0.6240
0.9602 0.4475 0.6240
0.9602 0.4475 0.6240
0.9602 0.4475 0.6240
0.9602 0.4475 0.6240
0.9602 0.4475 0.6240
0.9602 0.4475 0.6240
0.9602 0.4475 0.6240
0.9602 0.4475 0.6240
0.9602 0.4475 0.6240
0.9602 0.4475 0.6240
0.9602 0.4475 0.6240
0.9602 0.4475 0.6240
0.9602 0.4475 0.6240
0.9602 0.4475 0.6240
0.9602 0.4475 0.6240
0.9602 0.4475 0.6240
0.9602 0.4475 0.6240
0.9602 0.4475 0.6240
0.9602 0.4475 0.6240
0.9602 0.4475 0.6240
0.9602 0.4475 0.6240
0.9602 0.4475 0.6240
0.9602 0.4475 0.6240
0.9602 0.4475 0.6240
0.9602 0.4475 0.6240
0.9602 0.4475 0.6240
0.9602 0.4475 0.6240
0.9602 0.4475 0.6240
0.9602 0.4475 0.6240
0.9602 0.4475 0.6240
0.9602 0.4475 0.6240
0.9602 0.4475 0.6240
0.9602 0.4475 0.6240
0.9602 0.4475 0.6240
0.9602 0.4475 0.6240
0.9602 0.4475 0.6240
0.9602 0.4475 0.6240
0.9602 0.4475 0.6240
0.9602 0.4475 0.6240
0.9602 0.4475 0.6240
0.9602 0.4475 0.6240
0.9602 0.4475 0.6240
0.9602 0.4475 0.6240
0.9602 0.4475 0.6240
0.9602 0.4475 0.6240
0.9602 0.4475 0.6240
0.9602 0.4475 0.6240
0.9602 0.4475 0.6240
0.9602 0.4475 0.6240
0.9602 0.4475 0.6240
0.9602 0.4475 0.6240
0.9602 0.4475 0.6240
0.9602 0.4475 0.6240
0.9602 0.4475 0.6240
0.9602 0.4475 0.6240
0.9602 0.4475 0.6240
0.9602 0.4475 0.6240
0.9602 0.4475 0.6240
0.9602 0.4475 0.6240
0.9602 0.4475 0.6240
0.9602 0.4475 0.6240
0.9602 0.4475 0.6240
0.9602 0.4475 0.6240
0.9602 0.4475 0.6240
0.9602 0.4475 0.6240
0.9602 0.4475 0.6240
0.9602 0.4475 0.6240
0.9602 0.4475 0.6240
0.9602 0.4475 0.6240
0.9602 0.4475 0.6240
0.9602 0.4475 0.6240
0.9602 0.4475 0.6240
0.9602 0.4475 0.6240
0.9602 0.4475 0.6240
0.9602 0.4475 0.6240
0.9602 0.4475 0.6240
0.9602 0.4475 0.6240
0.9602 0.4475 0.6240
0.9602 0.4475 0.6240
0.9602 0.4475 0.6240
0.9602 0.4475 0.6240
0.9602 0.4475 0.6240
0.9602 0.4475 0.6240
0.9602 0.4475 0.6240
0.9602 0.4475 0.6240
0.9602 0.4475 0.6240
0.9602 0.4475 0.6240
0.9602 0.4475 0.6240
0.9602 0.4475 0.6240
0.9602 0.4475 0.6240
0.9602 0.4475 0.6240
0.9602 0.4475 0.6240
0.9602 0.4475 0.6240
0.9602 0.4475 0.6240
0.9602 0.4475 0.6240
0.9602 0.4475 0.6240
0.9602 0.4475 0.6240
0.9602 0.4475 0.6240
0.9602 0.4475 0.6240
0.9602 0.4475 0.6240
0.9602 0.4475 0.6240
0.9602 0.4475 0.6240
0.9602 0.4475 0.6240
0.9602 0.4475 0.6240
0.9602 0.4475 0.6240
0.9602 0.4475 0.6240
0.9602 0.4475 0.6240
0.9602 0.4475 0.6240
0.9602 0.4475 0.6240
0.9602 0.4475 0.6240
0.9602 0.4475 0.6240
0.9602 0.4475 0.6240
0.9602 0.4475 0.6240
0.9602 0.4475 0.6240
0.9602 0.4475 0.6240
0.9602 0.4475 0.6240
0.9602 0.4475 0.6240
0.9602 0.4475 0.6240
0.9602 0.4475 0.6240
0.9602 0.4475 0.6240
0.9602 0.4475 0.6240
0.9602 0.4475 0.6240
0.9602 0.4475 0.6240
0.9602 0.4475 0.6240
0.9602 0.4475 0.6240
0.9602 0.4475 0.6240
0.9602 0.4475 0.6240
0.9602 0.4475 0.6240
0.9602 0.4475 0.6240
0.9602 0.4475 0.6240
0.9602 0.4475 0.6240
0.9602 0.4475 0.6240
0.9602 0.4475 0.6240
0.9602 0.4475 0.6240
0.9602 0.4475 0.6240
0.9602 0.4475 0.6240
0.9602 0.4475 0.6240
0.9602 0.4475 0.6240
0.9602 0.4475 0.6240
0.9602 0.4475 0.6240
0.9602 0.4475 0.6240
0.9602 0.4475 0.6240
0.9602 0.4475 0.6240
0.9602 0.4475 0.6240
0.9602 0.4475 0.6240
0.9602 0.4475 0.6240
0.9602 0.4475 0.6240
0.9602 0.4475 0.6240
0.9602 0.4475 0.6240
0.9602 0.4475 0.6240
0.9602 0.4475 0.6240
0.9602 0.4475 0.6240
0.9602 0.4475 0.6240
0.9602 0.4475 0.6240
0.9602 0.4475 0.6240
0.9602 0.4475 0.6240
0.9602 0.4475 0.6240
0.9602 0.4475 0.6240
0.9602 0.4475 0.6240
0.9602 0.4475 0.6240
0.9602 0.4475 0.6240
0.9602 0.4475 0.6240
0.9602 0.4475 0.6240
0.9602 0.4475 0.6240
0.9602 0.4475 0.6240
0.9602 0.4475 0.6240
0.9602 0.4475 0.6240
0.9602 0.4475 0.6240
0.9602 0.4475 0.6240
0.9602 0.4475 0.6240
0.9602 0.4475 0.6240
0.9602 0.4475 0.6240
0.9602 0.4475 0.6240
0.9602 0.4475 0.6240
0.9602 0.4475 0.6240
0.9602 0.4475 0.6240
0.9602 0.4475 0.6240
0.9602 0.4475 0.6240
0.9602 0.4475 0.6240
0.9602 0.4475 0.6240
0.9602 0.4475 0.6240
0.9602 0.4475 0.6240
0.9602 0.4475 0.6240
0.9602 0.4475 0.6240
0.9602 0.4475 0.6240
0.9602 0.4475 0.6240
0.9602 0.4475 0.6240
0.9602 0.4475 0.6240
0.9602 0.4475 0.6240
0.9602 0.4475 0.6240
0.9602 0.4475 0.6240
0.9602 0.4475 0.6240
0.9602 0.4475 0.6240
0.9602 0.4475 0.6240
0.9602 0.4475 0.6240
0.9602 0.4475 0.6240
0.9602 0.4475 0.6240
0.9602 0.4475 0.6240
0.9602 0.4475 0.6240
0.9602 0.4475 0.6240
0.9602 0.4475 0.6240
0.9602 0.4475 0.6240
0.9602 0.4475 0.6240
0.9602 0.4475 0.6240
0.9602 0.4475 0.6240
0.9602 0.4475 0.6240
0.9602 0.4475 0.6240
0.9602 0.4475 0.6240
0.9602 0.4475 0.6240
0.9602 0.4475 0.6240
0.9602 0.4475 0.6240
0.9602 0.4475 0.6240
0.9602 0.4475 0.6240
0.9602 0.4475 0.6240
0.9602 0.4475 0.6240
0.9602 0.4475 0.6240
0.9602 0.4475 0.6240
0.9602 0.4475 0.6240
0.9602 0.4475 0.6240
0.9602 0.4475 0.6240
0.9602 0.4475 0.6240
0.9602 0.4475 0.6240
0.9602 0.4475 0.6240
0.9602 0.4475 0.6240
0.9602 0.4475 0.6240
0.9602 0.4475 0.6240
0.9602 0.4475 0.6240
0.9602 0.4475 0.6240
0.9602 0.4475 0.6240
0.9602 0.4475 0.6240
0.9602 0.4475 0.6240
0.9602 0.4475 0.6240
0.9602 0.4475 0.6240
0.9602 0.4475 0.6240
0.9602 0.4475 0.6240
0.9602 0.4475 0.6240
0.9602 0.4475 0.6240
0.9602 0.4475 0.6240
0.9602 0.4475 0.6240
0.9602 0.4475 0.6240
0.9602 0.4475 0.6240
0.9602 0.4475 0.6240
0.9602 0.4475 0.6240
0.9602 0.4475 0.6240
0.9602 0.4475 0.6240
0.9602 0.4475 0.6240
0.9602 0.4475 0.6240
0.9602 0.4475 0.6240
0.9602 0.4475 0.6240
0.9602 0.4475 0.6240
0.9602 0.4475 0.6240
0.9602 0.4475 0.6240
0.9602 0.4475 0.6240
0.9602 0.4475 0.6240
0.9602 0.4475 0.6240
0.9602 0.4475 0.6240
0.9602 0.4475 0.6240
0.9602 0.4475 0.6240
0.9602 0.4475 0.6240
0.9602 0.4475 0.6240
0.9602 0.4475 0.6240
0.9602 0.4475 0.6240
0.9602 0.4475 0.6240
0.9602 0.4475 0.6240
0.9602 0.4475 0.6240
0.9602 0.4475 0.6240
0.9602 0.4475 0.6240
0.9602 0.4475 0.6240
0.9602 0.4475 0.6240
0.9602 0.4475 0.6240
0.9602 0.4475 0.6240
0.9602 0.4475 0.6240
0.9602 0.4475 0.6240
0.9602 0.4475 0.6240
0.9602 0.4475 0.6240
0.9602 0.4475 0.6240
0.9602 0.4475 0.6240
0.9602 0.4475 0.6240
0.9602 0.4475 0.6240
0.9602 0.4475 0.6240
0.9602 0.4475 0.6240
0.9602 0.4475 0.6240
0.9602 0.4475 0.6240
0.9602 0.4475 0.6240
0.9602 0.4475 0.6240
0.9602 0.4475 0.6240
0.9602 0.4475 0.6240
0.9602 0.4475 0.6240
0.9602 0.4475 0.6240
0.9602 0.4475 0.6240
0.9602 0.4475 0.6240
0.9602 0.4475 0.6240
0.9602 0.4475 0.6240
0.9602 0.4475 0.6240
0.9602 0.4475 0.6240
0.9602 0.4475 0.6240
0.9602 0.4475 0.6240
0.9602 0.4475 0.6240
0.9602 0.4475 0.6240
0.9602 0.4475 0.6240
0.9602 0.4475 0.6240
0.9602 0.4475 0.6240
0.9602 0.4475 0.6240
0.9602 0.4475 0.6240
0.9602 0.4475 0.6240
0.9602 0.4475 0.6240
0.9602 0.4475 0.6240
0.9602 0.4475 0.6240
0.9602 0.4475 0.6240
0.9602 0.4475 0.6240
0.9602 0.4475 0.6240
0.9602 0.4475 0.6240
0.9602 0.4475 0.6240
0.9602 0.4475 0.6240
0.9602 0.4475 0.6240
0.9602 0.4475 0.6240
0.9602 0.4475 0.6240
0.9602 0.4475 0.6240
0.9602 0.4475 0.6240
0.9602 0.4475 0.6240
0.9602 0.4475 0.6240
0.9602 0.4475 0.6240
0.9602 0.4475 0.6240
0.9602 0.4475 0.6240
0.9602 0.4475 0.6240
0.9602 0.4475 0.6240
0.9602 0.4475 0.6240
0.9602 0.4475 0.6240
0.9602 0.4475 0.6240
0.9602 0.4475 0.6240
0.9602 0.4475 0.6240
0.9602 0.4475 0.6240
0.9602 0.4475 0.6240
0.9602 0.4475 0.6240
0.9602 0.4475 0.6240
0.9602 0.4475 0.6240
0.9602 0.4475 0.6240
0.9602 0.4475 0.6240
0.9602 0.4475 0.6240
0.9602 0.4475 0.6240
0.9602 0.4475 0.6240
0.9602 0.4475 0.6240
0.9602 0.4475 0.6240
0.9602 0.4475 0.6240
0.9602 0.4475 0.6240
0.9602 0.4475 0.6240
0.9602 0.4475 0.6240
0.9602 0.4475 0.6240
0.9602 0.4475 0.6240
0.9602 0.4475 0.6240
0.9602 0.4475 0.6240
0.9602 0.4475 0.6240
0.9602 0.4475 0.6240
0.9602 0.4475 0.6240
0.9602 0.4475 0.6240
0.9602 0.4475 0.6240
0.9602 0.4475 0.6240
0.9602 0.4475 0.6240
0.9602 0.4475 0.6240
0.9602 0.4475 0.6240
0.9602 0.4475 0.6240
0.9602 0.4475 0.6240
0.9602 0.4475 0.6240
0.9602 0.4475 0.6240
0.9602 0.4475 0.6240
0.9602 0.4475 0.6240
0.9602 0.4475 0.6240
0.9602 0.4475 0.6240
0.9602 0.4475 0.6240
0.9602 0.4475 0.6240
0.9602 0.4475 0.6240
0.9602 0.4475 0.6240
0.9602 0.4475 0.6240
0.9602 0.4475 0.6240
0.9602 0.4475 0.6240
0.9602 0.4475 0.6240
0.9602 0.4475 0.6240
0.9602 0.4475 0.6240
0.9602 0.4475 0.6240
0.9602 0.4475 0.6240
0.9602 0.4475 0.6240
0.9602 0.4475 0.6240
0.9602 0.4475 0.6240
0.9602 0.4475 0.6240
0.9602 0.4475 0.6240
0.9602 0.4475 0.6240
0.9602 0.4475 0.6240
0.9602 0.4475 0.6240
0.9602 0.4475 0.6240
0.9602 0.4475 0.6240
0.9602 0.4475 0.6240
0.9602 0.4475 0.6240
0.9602 0.4475 0.6240
0.9602 0.4475 0.6240
0.9602 0.4475 0.6240
0.9602 0.4475 0.6240
0.9602 0.4475 0.6240
0.9602 0.4475 0.6240
0.9602 0.4475 0.6240
0.9602 0.4475 0.6240
0.9602 0.4475 0.6240
0.9602 0.4475 0.6240
0.9602 0.4475 0.6240
0.9602 0.4475 0.6240
0.9602 0.4475 0.6240
0.9602 0.4475 0.6240
0.9602 0.4475 0.6240
0.9602 0.4475 0.6240
0.9602 0.4475 0.6240
0.9602 0.4475 0.6240
0.9602 0.4475 0.6240
0.9602 0.4475 0.6240
0.9602 0.4475 0.6240
0.9602 0.4475 0.6240
0.9602 0.4475 0.6240
0.9602 0.4475 0.6240
0.9602 0.4475 0.6240
0.9602 0.4475 0.6240
0.9602 0.4475 0.6240
0.9602 0.4475 0.6240
0.9602 0.4475 0.6240
0.9602 0.4475 0.6240
0.9602 0.4475 0.6240
0.9602 0.4475 0.6240
0.9602 0.4475 0.6240
0.9602 0.4475 0.6240
0.9602 0.4475 0.6240
0.9602 0.4475 0.6240
0.9602 0.4475 0.6240
0.9602 0.4475 0.6240
0.9602 0.4475 0.6240
0.9602 0.4475 0.6240
0.9602 0.4475 0.6240
0.9602 0.4475 0.6240
0.9602 0.4475 0.6240
0.9602 0.4475 0.6240
0.9602 0.4475 0.6240
0.9602 0.4475 0.6240
0.9602 0.4475 0.6240