3157
0.9633 0.4600 0.6645
0.9633 0.4600 0.6645
0.9633 0.4600 0.6645
0.9633 0.4600 0.6645
0.9633 0.4600 0.6645
0.9683 0.4633 0.6624
0.9683 0.4633 0.6624
0.9683 0.4633 0.6624
0.9743 0.4600 0.6499
0.9859 0.4583 0.6321
0.9859 0.4583 0.6321
0.9859 0.4583 0.6321
0.9859 0.4583 0.6321
0.9859 0.4583 0.6321
0.9859 0.4583 0.6321
0.9869 0.4567 0.6286
0.9897 0.4550 0.6225
0.9902 0.4433 0.6062
0.9902 0.4433 0.6062
0.9960 0.4467 0.6030
0.9960 0.4467 0.6030
0.9963 0.4400 0.5936
1.0012 0.4517 0.6027
1.0041 0.4450 0.5899
1.0041 0.4450 0.5899
1.0185 0.4417 0.5661
1.0185 0.4417 0.5661
1.0185 0.4417 0.5661
1.0185 0.4417 0.5661
1.0185 0.4417 0.5661
1.0185 0.4417 0.5661
1.0185 0.4417 0.5661
1.0185 0.4417 0.5661
1.0194 0.4367 0.5583
1.0220 0.4300 0.5459
1.0242 0.4467 0.5653
1.0282 0.4383 0.5487
1.0292 0.4433 0.5541
1.0292 0.4433 0.5541
1.0325 0.4417 0.5475
1.0325 0.4417 0.5475
1.0325 0.4417 0.5475
1.0325 0.4417 0.5475
1.0325 0.4417 0.5475
1.0361 0.4450 0.5470
1.0361 0.4450 0.5470
1.0391 0.4283 0.5208
1.0391 0.4283 0.5208
1.0391 0.4283 0.5208
1.0391 0.4283 0.5208
1.0513 0.4433 0.5245
1.0513 0.4433 0.5245
1.0513 0.4433 0.5245
1.0513 0.4433 0.5245
1.0513 0.4433 0.5245
1.0513 0.4433 0.5245
1.0513 0.4433 0.5245
1.0513 0.4433 0.5245
1.0529 0.4400 0.5180
1.0584 0.4450 0.5172
1.0584 0.4450 0.5172
1.0584 0.4450 0.5172
1.0584 0.4450 0.5172
1.0584 0.4450 0.5172
1.0584 0.4450 0.5172
1.0584 0.4450 0.5172
1.0585 0.4567 0.5327
1.0609 0.4433 0.5116
1.0609 0.4433 0.5116
1.0609 0.4433 0.5116
1.0609 0.4433 0.5116
1.0641 0.4450 0.5096
1.0641 0.4450 0.5096
1.0641 0.4450 0.5096
1.0641 0.4450 0.5096
1.0641 0.4450 0.5096
1.0641 0.4450 0.5096
1.0657 0.4417 0.5031
1.0657 0.4417 0.5031
1.0657 0.4417 0.5031
1.0657 0.4417 0.5031
1.0657 0.4417 0.5031
1.0657 0.4417 0.5031
1.0657 0.4417 0.5031
1.0670 0.4517 0.5146
1.0690 0.4200 0.4697
1.0690 0.4200 0.4697
1.0690 0.4200 0.4697
1.0690 0.4200 0.4697
1.0690 0.4200 0.4697
1.0690 0.4200 0.4697
1.0690 0.4200 0.4697
1.0700 0.4183 0.4660
1.0700 0.4183 0.4660
1.0741 0.4633 0.5208
1.0770 0.4400 0.4857
1.0770 0.4400 0.4857
1.0770 0.4400 0.4857
1.0770 0.4400 0.4857
1.0770 0.4400 0.4857
1.0770 0.4400 0.4857
1.0770 0.4400 0.4857
1.0770 0.4400 0.4857
1.0784 0.4450 0.4905
1.0784 0.4450 0.4905
1.0784 0.4450 0.4905
1.0784 0.4450 0.4905
1.0797 0.4650 0.5155
1.0822 0.4450 0.4854
1.0822 0.4450 0.4854
1.0822 0.4450 0.4854
1.0822 0.4450 0.4854
1.0839 0.4500 0.4898
1.0839 0.4500 0.4898
1.0839 0.4500 0.4898
1.0839 0.4500 0.4898
1.0839 0.4500 0.4898
1.0842 0.4533 0.4938
1.0842 0.4533 0.4938
1.0842 0.4533 0.4938
1.0882 0.4517 0.4863
1.0882 0.4517 0.4863
1.0882 0.4517 0.4863
1.0882 0.4517 0.4863
1.0882 0.4517 0.4863
1.0882 0.4517 0.4863
1.0882 0.4517 0.4863
1.0882 0.4517 0.4863
1.0882 0.4517 0.4863
1.0882 0.4517 0.4863
1.0916 0.4550 0.4862
1.0927 0.4583 0.4892
1.0927 0.4583 0.4892
1.0927 0.4583 0.4892
1.0927 0.4583 0.4892
1.0927 0.4583 0.4892
1.0927 0.4583 0.4892
1.0927 0.4583 0.4892
1.0927 0.4583 0.4892
1.0942 0.4550 0.4828
1.0942 0.4550 0.4828
1.0942 0.4550 0.4828
1.0974 0.4617 0.4873
1.0974 0.4617 0.4873
1.0974 0.4617 0.4873
1.0974 0.4617 0.4873
1.0974 0.4617 0.4873
1.0974 0.4617 0.4873
1.0974 0.4617 0.4873
1.0974 0.4617 0.4873
1.0974 0.4617 0.4873
1.0974 0.4617 0.4873
1.0980 0.4633 0.4889
1.0988 0.4617 0.4856
1.0988 0.4617 0.4856
1.0988 0.4617 0.4856
1.0988 0.4617 0.4856
1.0988 0.4617 0.4856
1.1012 0.4650 0.4868
1.1012 0.4650 0.4868
1.1012 0.4650 0.4868
1.1012 0.4650 0.4868
1.1012 0.4650 0.4868
1.1012 0.4650 0.4868
1.1012 0.4650 0.4868
1.1012 0.4650 0.4868
1.1012 0.4650 0.4868
1.1012 0.4650 0.4868
1.1027 0.4650 0.4847
1.1027 0.4650 0.4847
1.1027 0.4650 0.4847
1.1027 0.4650 0.4847
1.1027 0.4650 0.4847
1.1027 0.4650 0.4847
1.1027 0.4650 0.4847
1.1027 0.4650 0.4847
1.1027 0.4650 0.4847
1.1027 0.4650 0.4847
1.1027 0.4650 0.4847
1.1028 0.4667 0.4869
1.1028 0.4667 0.4868
1.1028 0.4667 0.4868
1.1050 0.4667 0.4839
1.1050 0.4667 0.4839
1.1050 0.4667 0.4839
1.1050 0.4667 0.4839
1.1052 0.4683 0.4859
1.1052 0.4683 0.4859
1.1052 0.4683 0.4859
1.1052 0.4683 0.4859
1.1052 0.4683 0.4859
1.1052 0.4683 0.4859
1.1052 0.4683 0.4859
1.1056 0.4683 0.4853
1.1071 0.4700 0.4856
1.1071 0.4700 0.4856
1.1071 0.4700 0.4856
1.1071 0.4700 0.4856
1.1071 0.4700 0.4856
1.1071 0.4700 0.4856
1.1071 0.4700 0.4856
1.1071 0.4700 0.4856
1.1071 0.4700 0.4856
1.1071 0.4700 0.4856
1.1076 0.4683 0.4827
1.1076 0.4683 0.4827
1.1116 0.4750 0.4862
1.1116 0.4750 0.4862
1.1116 0.4750 0.4862
1.1116 0.4750 0.4862
1.1116 0.4750 0.4862
1.1171 0.4700 0.4721
1.1171 0.4700 0.4721
1.1171 0.4700 0.4721
1.1171 0.4700 0.4721
1.1171 0.4700 0.4721
1.1171 0.4700 0.4721
1.1171 0.4700 0.4721
1.1171 0.4700 0.4721
1.1171 0.4700 0.4721
1.1171 0.4700 0.4721
1.1194 0.4667 0.4646
1.1194 0.4667 0.4646
1.1194 0.4667 0.4646
1.1194 0.4667 0.4646
1.1194 0.4667 0.4646
1.1194 0.4667 0.4646
1.1194 0.4667 0.4646
1.1194 0.4667 0.4646
1.1194 0.4667 0.4646
1.1205 0.4733 0.4721
1.1205 0.4733 0.4721
1.1205 0.4733 0.4721
1.1205 0.4733 0.4721
1.1205 0.4733 0.4721
1.1205 0.4733 0.4721
1.1205 0.4733 0.4721
1.1210 0.4750 0.4736
1.1210 0.4750 0.4736
1.1215 0.4750 0.4730
1.1215 0.4750 0.4730
1.1215 0.4750 0.4730
1.1215 0.4750 0.4730
1.1215 0.4750 0.4730
1.1225 0.4733 0.4694
1.1244 0.4733 0.4668
1.1244 0.4733 0.4668
1.1244 0.4733 0.4668
1.1244 0.4733 0.4668
1.1244 0.4733 0.4668
1.1244 0.4733 0.4668
1.1244 0.4733 0.4668
1.1244 0.4733 0.4668
1.1244 0.4733 0.4668
1.1244 0.4733 0.4668
1.1244 0.4733 0.4668
1.1252 0.4717 0.4636
1.1255 0.4717 0.4631
1.1255 0.4717 0.4631
1.1261 0.4750 0.4669
1.1261 0.4750 0.4669
1.1261 0.4750 0.4669
1.1261 0.4750 0.4669
1.1261 0.4750 0.4669
1.1261 0.4750 0.4669
1.1261 0.4750 0.4669
1.1278 0.4750 0.4645
1.1278 0.4750 0.4645
1.1278 0.4750 0.4645
1.1278 0.4750 0.4645
1.1278 0.4750 0.4645
1.1278 0.4750 0.4645
1.1278 0.4750 0.4645
1.1278 0.4750 0.4645
1.1278 0.4750 0.4645
1.1278 0.4750 0.4645
1.1278 0.4750 0.4645
1.1295 0.4850 0.4756
1.1295 0.4850 0.4756
1.1295 0.4850 0.4756
1.1295 0.4850 0.4756
1.1295 0.4850 0.4756
1.1295 0.4850 0.4756
1.1295 0.4850 0.4756
1.1295 0.4850 0.4756
1.1295 0.4850 0.4756
1.1295 0.4850 0.4756
1.1295 0.4850 0.4756
1.1300 0.4833 0.4727
1.1302 0.4833 0.4725
1.1302 0.4833 0.4725
1.1302 0.4833 0.4725
1.1302 0.4833 0.4725
1.1302 0.4833 0.4725
1.1302 0.4833 0.4725
1.1302 0.4833 0.4725
1.1302 0.4833 0.4725
1.1302 0.4833 0.4725
1.1304 0.4850 0.4744
1.1304 0.4850 0.4744
1.1304 0.4850 0.4744
1.1304 0.4850 0.4744
1.1304 0.4850 0.4744
1.1304 0.4850 0.4744
1.1306 0.4867 0.4764
1.1306 0.4867 0.4764
1.1311 0.4867 0.4758
1.1311 0.4867 0.4758
1.1311 0.4867 0.4758
1.1311 0.4867 0.4758
1.1311 0.4867 0.4758
1.1311 0.4867 0.4758
1.1311 0.4867 0.4758
1.1311 0.4867 0.4758
1.1311 0.4867 0.4758
1.1311 0.4867 0.4758
1.1311 0.4867 0.4758
1.1311 0.4867 0.4758
1.1315 0.4850 0.4729
1.1315 0.4850 0.4729
1.1315 0.4850 0.4729
1.1316 0.4867 0.4750
1.1316 0.4867 0.4750
1.1316 0.4867 0.4750
1.1316 0.4867 0.4750
1.1316 0.4867 0.4750
1.1324 0.4867 0.4740
1.1324 0.4867 0.4740
1.1324 0.4867 0.4740
1.1324 0.4867 0.4740
1.1325 0.4867 0.4739
1.1325 0.4867 0.4739
1.1325 0.4867 0.4739
1.1325 0.4867 0.4739
1.1350 0.4867 0.4705
1.1350 0.4867 0.4705
1.1350 0.4867 0.4705
1.1350 0.4867 0.4705
1.1350 0.4867 0.4705
1.1350 0.4867 0.4705
1.1357 0.4867 0.4696
1.1357 0.4867 0.4696
1.1357 0.4867 0.4696
1.1357 0.4867 0.4696
1.1357 0.4867 0.4696
1.1357 0.4867 0.4696
1.1357 0.4867 0.4696
1.1357 0.4867 0.4696
1.1357 0.4867 0.4696
1.1357 0.4867 0.4696
1.1357 0.4867 0.4696
1.1357 0.4867 0.4696
1.1357 0.4867 0.4696
1.1362 0.4850 0.4667
1.1362 0.4850 0.4667
1.1362 0.4850 0.4667
1.1362 0.4850 0.4667
1.1362 0.4850 0.4667
1.1362 0.4850 0.4667
1.1362 0.4850 0.4667
1.1362 0.4850 0.4667
1.1362 0.4850 0.4667
1.1362 0.4850 0.4667
1.1362 0.4850 0.4667
1.1362 0.4850 0.4667
1.1362 0.4850 0.4667
1.1362 0.4850 0.4667
1.1362 0.4850 0.4667
1.1367 0.4850 0.4660
1.1367 0.4850 0.4660
1.1367 0.4850 0.4660
1.1367 0.4850 0.4660
1.1367 0.4850 0.4660
1.1367 0.4850 0.4660
1.1367 0.4850 0.4660
1.1367 0.4850 0.4660
1.1367 0.4850 0.4660
1.1367 0.4867 0.4682
1.1367 0.4867 0.4682
1.1367 0.4867 0.4682
1.1367 0.4867 0.4682
1.1367 0.4867 0.4682
1.1367 0.4867 0.4682
1.1367 0.4867 0.4682
1.1367 0.4867 0.4682
1.1367 0.4867 0.4682
1.1367 0.4867 0.4682
1.1367 0.4867 0.4682
1.1367 0.4867 0.4682
1.1367 0.4867 0.4682
1.1367 0.4867 0.4682
1.1367 0.4867 0.4682
1.1367 0.4867 0.4682
1.1367 0.4867 0.4682
1.1367 0.4867 0.4682
1.1367 0.4867 0.4682
1.1367 0.4867 0.4682
1.1367 0.4867 0.4682
1.1369 0.4867 0.4680
1.1369 0.4867 0.4680
1.1369 0.4867 0.4680
1.1369 0.4867 0.4680
1.1369 0.4867 0.4680
1.1369 0.4867 0.4680
1.1371 0.4883 0.4699
1.1371 0.4883 0.4699
1.1371 0.4883 0.4699
1.1371 0.4883 0.4699
1.1371 0.4883 0.4699
1.1371 0.4883 0.4699
1.1371 0.4883 0.4699
1.1371 0.4883 0.4699
1.1371 0.4883 0.4699
1.1372 0.4883 0.4698
1.1372 0.4883 0.4698
1.1372 0.4883 0.4698
1.1372 0.4883 0.4698
1.1372 0.4883 0.4698
1.1372 0.4883 0.4698
1.1372 0.4883 0.4698
1.1372 0.4883 0.4698
1.1372 0.4883 0.4698
1.1372 0.4883 0.4698
1.1372 0.4883 0.4698
1.1376 0.4883 0.4693
1.1376 0.4883 0.4693
1.1376 0.4883 0.4693
1.1376 0.4883 0.4693
1.1376 0.4883 0.4693
1.1376 0.4883 0.4693
1.1376 0.4883 0.4693
1.1376 0.4883 0.4693
1.1376 0.4883 0.4693
1.1376 0.4883 0.4693
1.1376 0.4883 0.4693
1.1376 0.4883 0.4693
1.1376 0.4883 0.4693
1.1376 0.4883 0.4693
1.1376 0.4883 0.4693
1.1376 0.4883 0.4693
1.1376 0.4883 0.4693
1.1376 0.4883 0.4693
1.1376 0.4883 0.4693
1.1376 0.4883 0.4693
1.1376 0.4883 0.4693
1.1376 0.4883 0.4693
1.1376 0.4883 0.4693
1.1376 0.4883 0.4693
1.1376 0.4883 0.4693
1.1376 0.4883 0.4693
1.1376 0.4883 0.4693
1.1376 0.4883 0.4693
1.1376 0.4883 0.4693
1.1384 0.4883 0.4682
1.1384 0.4883 0.4682
1.1384 0.4883 0.4682
1.1384 0.4883 0.4682
1.1384 0.4883 0.4682
1.1384 0.4883 0.4682
1.1384 0.4883 0.4682
1.1384 0.4883 0.4682
1.1384 0.4883 0.4682
1.1384 0.4883 0.4682
1.1395 0.4917 0.4712
1.1395 0.4917 0.4712
1.1395 0.4917 0.4712
1.1395 0.4917 0.4712
1.1395 0.4917 0.4712
1.1395 0.4917 0.4712
1.1395 0.4917 0.4712
1.1395 0.4917 0.4712
1.1395 0.4917 0.4712
1.1395 0.4917 0.4712
1.1395 0.4917 0.4712
1.1395 0.4917 0.4712
1.1395 0.4917 0.4712
1.1395 0.4917 0.4712
1.1395 0.4917 0.4712
1.1395 0.4917 0.4712
1.1395 0.4950 0.4756
1.1397 0.4933 0.4731
1.1397 0.4933 0.4731
1.1397 0.4933 0.4731
1.1397 0.4933 0.4731
1.1397 0.4933 0.4731
1.1397 0.4933 0.4731
1.1458 0.4917 0.4627
1.1458 0.4917 0.4627
1.1458 0.4917 0.4627
1.1458 0.4917 0.4627
1.1458 0.4917 0.4627
1.1458 0.4917 0.4627
1.1458 0.4917 0.4627
1.1458 0.4917 0.4627
1.1458 0.4917 0.4627
1.1458 0.4917 0.4627
1.1458 0.4917 0.4627
1.1458 0.4917 0.4627
1.1458 0.4917 0.4627
1.1458 0.4917 0.4627
1.1458 0.4917 0.4627
1.1458 0.4917 0.4627
1.1461 0.4933 0.4646
1.1461 0.4933 0.4646
1.1461 0.4933 0.4646
1.1461 0.4933 0.4646
1.1461 0.4933 0.4646
1.1461 0.4933 0.4646
1.1461 0.4933 0.4646
1.1461 0.4933 0.4646
1.1461 0.4933 0.4646
1.1461 0.4933 0.4646
1.1461 0.4933 0.4646
1.1463 0.4917 0.4621
1.1463 0.4917 0.4621
1.1465 0.4917 0.4618
1.1465 0.4917 0.4618
1.1465 0.4917 0.4618
1.1465 0.4917 0.4618
1.1465 0.4917 0.4618
1.1465 0.4917 0.4618
1.1465 0.4917 0.4618
1.1465 0.4917 0.4618
1.1465 0.4917 0.4618
1.1465 0.4917 0.4618
1.1465 0.4917 0.4618
1.1465 0.4917 0.4618
1.1465 0.4917 0.4618
1.1465 0.4917 0.4618
1.1465 0.4917 0.4618
1.1466 0.4917 0.4617
1.1466 0.4917 0.4617
1.1466 0.4917 0.4617
1.1466 0.4917 0.4617
1.1466 0.4917 0.4617
1.1466 0.4917 0.4617
1.1466 0.4917 0.4617
1.1466 0.4917 0.4617
1.1466 0.4917 0.4617
1.1466 0.4917 0.4617
1.1466 0.4917 0.4617
1.1466 0.4917 0.4617
1.1468 0.4933 0.4636
1.1468 0.4933 0.4636
1.1496 0.4917 0.4576
1.1496 0.4917 0.4576
1.1496 0.4917 0.4576
1.1496 0.4917 0.4576
1.1496 0.4917 0.4576
1.1496 0.4917 0.4576
1.1496 0.4917 0.4576
1.1496 0.4917 0.4576
1.1496 0.4917 0.4576
1.1496 0.4917 0.4576
1.1496 0.4917 0.4576
1.1496 0.4917 0.4576
1.1496 0.4917 0.4576
1.1496 0.4917 0.4576
1.1496 0.4917 0.4576
1.1496 0.4917 0.4576
1.1496 0.4917 0.4576
1.1496 0.4917 0.4576
1.1496 0.4917 0.4576
1.1496 0.4917 0.4576
1.1496 0.4917 0.4576
1.1496 0.4917 0.4576
1.1496 0.4917 0.4576
1.1502 0.4917 0.4569
1.1502 0.4917 0.4569
1.1502 0.4917 0.4569
1.1502 0.4917 0.4569
1.1502 0.4917 0.4569
1.1502 0.4917 0.4569
1.1502 0.4917 0.4569
1.1502 0.4917 0.4569
1.1502 0.4917 0.4569
1.1502 0.4917 0.4569
1.1502 0.4917 0.4569
1.1508 0.4917 0.4560
1.1508 0.4917 0.4560
1.1508 0.4917 0.4560
1.1508 0.4917 0.4560
1.1508 0.4917 0.4560
1.1508 0.4917 0.4560
1.1508 0.4917 0.4560
1.1508 0.4917 0.4560
1.1508 0.4917 0.4560
1.1508 0.4917 0.4560
1.1508 0.4917 0.4560
1.1508 0.4917 0.4560
1.1508 0.4917 0.4560
1.1508 0.4917 0.4560
1.1508 0.4917 0.4560
1.1508 0.4917 0.4560
1.1508 0.4917 0.4560
1.1508 0.4917 0.4560
1.1508 0.4917 0.4560
1.1508 0.4917 0.4560
1.1508 0.4917 0.4560
1.1508 0.4917 0.4560
1.1508 0.4917 0.4560
1.1508 0.4917 0.4560
1.1508 0.4917 0.4560
1.1508 0.4917 0.4560
1.1508 0.4917 0.4560
1.1508 0.4917 0.4560
1.1508 0.4917 0.4560
1.1508 0.4917 0.4560
1.1508 0.4917 0.4560
1.1508 0.4917 0.4560
1.1508 0.4917 0.4560
1.1508 0.4917 0.4560
1.1508 0.4917 0.4560
1.1508 0.4917 0.4560
1.1508 0.4917 0.4560
1.1508 0.4917 0.4560
1.1508 0.4917 0.4560
1.1508 0.4917 0.4560
1.1508 0.4917 0.4560
1.1508 0.4917 0.4560
1.1508 0.4917 0.4560
1.1508 0.4917 0.4560
1.1508 0.4917 0.4560
1.1508 0.4917 0.4560
1.1508 0.4917 0.4560
1.1508 0.4917 0.4560
1.1508 0.4917 0.4560
1.1508 0.4917 0.4560
1.1508 0.4917 0.4560
1.1508 0.4917 0.4560
1.1508 0.4917 0.4560
1.1508 0.4917 0.4560
1.1508 0.4917 0.4560
1.1508 0.4917 0.4560
1.1508 0.4917 0.4560
1.1508 0.4917 0.4560
1.1508 0.4917 0.4560
1.1508 0.4917 0.4560
1.1508 0.4917 0.4560
1.1509 0.4950 0.4604
1.1509 0.4950 0.4604
1.1509 0.4950 0.4604
1.1509 0.4950 0.4604
1.1509 0.4950 0.4604
1.1509 0.4950 0.4604
1.1509 0.4950 0.4604
1.1509 0.4950 0.4604
1.1509 0.4950 0.4604
1.1509 0.4950 0.4604
1.1509 0.4950 0.4604
1.1509 0.4950 0.4604
1.1509 0.4950 0.4604
1.1509 0.4950 0.4604
1.1509 0.4950 0.4604
1.1509 0.4950 0.4604
1.1509 0.4950 0.4604
1.1509 0.4950 0.4604
1.1509 0.4950 0.4604
1.1509 0.4950 0.4604
1.1509 0.4950 0.4604
1.1509 0.4950 0.4604
1.1509 0.4950 0.4604
1.1509 0.4950 0.4604
1.1509 0.4950 0.4604
1.1509 0.4950 0.4604
1.1509 0.4950 0.4604
1.1509 0.4950 0.4604
1.1509 0.4950 0.4604
1.1509 0.4950 0.4604
1.1509 0.4950 0.4604
1.1510 0.4950 0.4602
1.1510 0.4950 0.4602
1.1510 0.4950 0.4602
1.1510 0.4950 0.4602
1.1510 0.4950 0.4602
1.1510 0.4950 0.4602
1.1510 0.4950 0.4602
1.1510 0.4950 0.4602
1.1510 0.4950 0.4602
1.1510 0.4950 0.4602
1.1510 0.4950 0.4602
1.1510 0.4950 0.4602
1.1510 0.4950 0.4602
1.1510 0.4950 0.4602
1.1510 0.4950 0.4602
1.1510 0.4950 0.4602
1.1510 0.4950 0.4602
1.1510 0.4950 0.4602
1.1510 0.4950 0.4602
1.1510 0.4950 0.4602
1.1510 0.4950 0.4602
1.1510 0.4950 0.4602
1.1510 0.4950 0.4602
1.1510 0.4950 0.4602
1.1510 0.4950 0.4602
1.1510 0.4950 0.4602
1.1510 0.4950 0.4602
1.1553 0.4950 0.4545
1.1553 0.4950 0.4545
1.1553 0.4950 0.4545
1.1553 0.4950 0.4545
1.1553 0.4950 0.4545
1.1553 0.4950 0.4545
1.1553 0.4950 0.4545
1.1553 0.4950 0.4545
1.1553 0.4950 0.4545
1.1553 0.4950 0.4545
1.1553 0.4950 0.4545
1.1553 0.4950 0.4545
1.1553 0.4950 0.4545
1.1553 0.4950 0.4545
1.1553 0.4950 0.4545
1.1553 0.4950 0.4545
1.1553 0.4950 0.4545
1.1553 0.4950 0.4545
1.1553 0.4950 0.4545
1.1553 0.4950 0.4545
1.1553 0.4950 0.4545
1.1553 0.4950 0.4545
1.1553 0.4950 0.4545
1.1553 0.4950 0.4545
1.1553 0.4950 0.4545
1.1553 0.4950 0.4545
1.1553 0.4950 0.4545
1.1553 0.4950 0.4545
1.1553 0.4950 0.4545
1.1553 0.4950 0.4545
1.1553 0.4950 0.4545
1.1553 0.4950 0.4545
1.1553 0.4950 0.4545
1.1553 0.4950 0.4545
1.1553 0.4950 0.4545
1.1553 0.4950 0.4545
1.1553 0.4950 0.4545
1.1553 0.4950 0.4545
1.1553 0.4950 0.4545
1.1553 0.4950 0.4545
1.1553 0.4950 0.4545
1.1553 0.4950 0.4545
1.1553 0.4950 0.4545
1.1553 0.4950 0.4545
1.1553 0.4950 0.4545
1.1553 0.4950 0.4545
1.1553 0.4950 0.4545
1.1553 0.4950 0.4545
1.1553 0.4950 0.4545
1.1553 0.4950 0.4545
1.1553 0.4950 0.4545
1.1553 0.4950 0.4545
1.1553 0.4950 0.4545
1.1553 0.4950 0.4545
1.1553 0.4950 0.4545
1.1553 0.4950 0.4545
1.1553 0.4950 0.4545
1.1553 0.4950 0.4545
1.1553 0.4950 0.4545
1.1553 0.4950 0.4545
1.1553 0.4950 0.4545
1.1553 0.4950 0.4545
1.1553 0.4950 0.4545
1.1553 0.4950 0.4545
1.1553 0.4950 0.4545
1.1553 0.4950 0.4545
1.1553 0.4950 0.4545
1.1553 0.4950 0.4545
1.1553 0.4950 0.4545
1.1553 0.4950 0.4545
1.1553 0.4950 0.4545
1.1553 0.4950 0.4545
1.1553 0.4950 0.4545
1.1553 0.4950 0.4545
1.1553 0.4950 0.4545
1.1553 0.4950 0.4545
1.1553 0.4950 0.4545
1.1553 0.4950 0.4545
1.1553 0.4950 0.4545
1.1553 0.4950 0.4545
1.1553 0.4950 0.4545
1.1553 0.4950 0.4545
1.1553 0.4950 0.4545
1.1553 0.4950 0.4545
1.1553 0.4950 0.4545
1.1553 0.4950 0.4545
1.1553 0.4950 0.4545
1.1553 0.4950 0.4545
1.1553 0.4950 0.4545
1.1553 0.4950 0.4545
1.1553 0.4950 0.4545
1.1553 0.4950 0.4545
1.1553 0.4950 0.4545
1.1553 0.4950 0.4545
1.1553 0.4950 0.4545
1.1553 0.4950 0.4545
1.1553 0.4950 0.4545
1.1553 0.4950 0.4545
1.1553 0.4950 0.4545
1.1553 0.4950 0.4545
1.1553 0.4950 0.4545
1.1553 0.4950 0.4545
1.1553 0.4950 0.4545
1.1553 0.4950 0.4545
1.1553 0.4950 0.4545
1.1553 0.4950 0.4545
1.1553 0.4950 0.4545
1.1553 0.4950 0.4545
1.1553 0.4950 0.4545
1.1553 0.4950 0.4545
1.1553 0.4950 0.4545
1.1553 0.4950 0.4545
1.1553 0.4950 0.4545
1.1553 0.4950 0.4545
1.1553 0.4950 0.4545
1.1553 0.4950 0.4545
1.1553 0.4950 0.4545
1.1553 0.4950 0.4545
1.1553 0.4950 0.4545
1.1553 0.4950 0.4545
1.1553 0.4950 0.4545
1.1553 0.4950 0.4545
1.1553 0.4950 0.4545
1.1553 0.4950 0.4545
1.1553 0.4950 0.4545
1.1553 0.4950 0.4545
1.1553 0.4950 0.4545
1.1553 0.4950 0.4545
1.1553 0.4950 0.4545
1.1553 0.4950 0.4545
1.1553 0.4950 0.4545
1.1553 0.4950 0.4545
1.1553 0.4950 0.4545
1.1553 0.4950 0.4545
1.1553 0.4950 0.4545
1.1553 0.4950 0.4545
1.1553 0.4950 0.4545
1.1553 0.4950 0.4545
1.1553 0.4950 0.4545
1.1553 0.4950 0.4545
1.1553 0.4950 0.4545
1.1553 0.4950 0.4545
1.1553 0.4950 0.4545
1.1553 0.4950 0.4545
1.1553 0.4950 0.4545
1.1553 0.4950 0.4545
1.1553 0.4950 0.4545
1.1553 0.4950 0.4545
1.1553 0.4950 0.4545
1.1553 0.4950 0.4545
1.1553 0.4950 0.4545
1.1553 0.4950 0.4545
1.1553 0.4950 0.4545
1.1553 0.4950 0.4545
1.1553 0.4950 0.4545
1.1553 0.4950 0.4545
1.1553 0.4950 0.4545
1.1553 0.4950 0.4545
1.1553 0.4950 0.4545
1.1553 0.4950 0.4545
1.1553 0.4950 0.4545
1.1553 0.4950 0.4545
1.1553 0.4950 0.4545
1.1553 0.4950 0.4545
1.1553 0.4950 0.4545
1.1553 0.4950 0.4545
1.1554 0.4933 0.4521
1.1554 0.4933 0.4521
1.1554 0.4933 0.4521
1.1554 0.4933 0.4521
1.1554 0.4933 0.4521
1.1554 0.4933 0.4521
1.1554 0.4933 0.4521
1.1554 0.4933 0.4521
1.1554 0.4933 0.4521
1.1554 0.4933 0.4521
1.1554 0.4933 0.4521
1.1554 0.4933 0.4521
1.1554 0.4933 0.4521
1.1554 0.4933 0.4521
1.1554 0.4933 0.4521
1.1554 0.4933 0.4521
1.1554 0.4933 0.4521
1.1554 0.4933 0.4521
1.1554 0.4933 0.4521
1.1554 0.4933 0.4521
1.1554 0.4933 0.4521
1.1554 0.4933 0.4521
1.1554 0.4933 0.4521
1.1554 0.4933 0.4521
1.1554 0.4933 0.4521
1.1554 0.4933 0.4521
1.1554 0.4933 0.4521
1.1554 0.4933 0.4521
1.1554 0.4933 0.4521
1.1554 0.4933 0.4521
1.1554 0.4933 0.4521
1.1555 0.4950 0.4542
1.1555 0.4950 0.4542
1.1555 0.4950 0.4542
1.1555 0.4950 0.4542
1.1555 0.4950 0.4542
1.1555 0.4950 0.4542
1.1555 0.4950 0.4542
1.1555 0.4950 0.4542
1.1555 0.4950 0.4542
1.1555 0.4950 0.4542
1.1555 0.4950 0.4542
1.1555 0.4950 0.4542
1.1555 0.4950 0.4542
1.1555 0.4950 0.4542
1.1555 0.4950 0.4542
1.1555 0.4950 0.4542
1.1555 0.4950 0.4542
1.1555 0.4950 0.4542
1.1555 0.4950 0.4542
1.1555 0.4950 0.4542
1.1555 0.4950 0.4542
1.1555 0.4950 0.4542
1.1555 0.4950 0.4542
1.1555 0.4950 0.4542
1.1555 0.4950 0.4542
1.1555 0.4950 0.4542
1.1555 0.4950 0.4542
1.1555 0.4950 0.4542
1.1555 0.4950 0.4542
1.1555 0.4950 0.4542
1.1555 0.4950 0.4542
1.1555 0.4950 0.4542
1.1555 0.4950 0.4542
1.1555 0.4950 0.4542
1.1555 0.4950 0.4542
1.1555 0.4950 0.4542
1.1555 0.4950 0.4542
1.1555 0.4950 0.4542
1.1555 0.4950 0.4542
1.1555 0.4950 0.4542
1.1555 0.4950 0.4542
1.1555 0.4950 0.4542
1.1555 0.4950 0.4542
1.1555 0.4950 0.4542
1.1555 0.4950 0.4542
1.1555 0.4950 0.4542
1.1555 0.4950 0.4542
1.1555 0.4950 0.4542
1.1555 0.4950 0.4542
1.1555 0.4950 0.4542
1.1555 0.4950 0.4542
1.1555 0.4950 0.4542
1.1555 0.4950 0.4542
1.1555 0.4950 0.4542
1.1555 0.4950 0.4542
1.1560 0.4950 0.4535
1.1560 0.4950 0.4535
1.1560 0.4950 0.4535
1.1560 0.4950 0.4535
1.1560 0.4950 0.4535
1.1560 0.4950 0.4535
1.1560 0.4950 0.4535
1.1560 0.4950 0.4535
1.1560 0.4950 0.4535
1.1560 0.4950 0.4535
1.1560 0.4950 0.4535
1.1560 0.4950 0.4535
1.1560 0.4950 0.4535
1.1560 0.4950 0.4535
1.1560 0.4950 0.4535
1.1560 0.4950 0.4535
1.1560 0.4950 0.4535
1.1560 0.4950 0.4535
1.1560 0.4950 0.4535
1.1560 0.4950 0.4535
1.1560 0.4950 0.4535
1.1560 0.4950 0.4535
1.1560 0.4950 0.4535
1.1560 0.4950 0.4535
1.1560 0.4950 0.4535
1.1560 0.4950 0.4535
1.1560 0.4950 0.4535
1.1560 0.4950 0.4535
1.1560 0.4950 0.4535
1.1565 0.4950 0.4529
1.1565 0.4950 0.4529
1.1565 0.4950 0.4529
1.1565 0.4950 0.4529
1.1565 0.4950 0.4529
1.1565 0.4950 0.4529
1.1565 0.4950 0.4529
1.1565 0.4950 0.4529
1.1565 0.4950 0.4529
1.1565 0.4950 0.4529
1.1565 0.4950 0.4529
1.1565 0.4950 0.4529
1.1565 0.4950 0.4529
1.1565 0.4950 0.4529
1.1565 0.4950 0.4529
1.1565 0.4950 0.4529
1.1565 0.4950 0.4529
1.1565 0.4950 0.4529
1.1565 0.4950 0.4529
1.1565 0.4950 0.4529
1.1565 0.4950 0.4529
1.1565 0.4950 0.4529
1.1565 0.4950 0.4529
1.1565 0.4950 0.4529
1.1565 0.4950 0.4529
1.1565 0.4950 0.4529
1.1565 0.4950 0.4529
1.1565 0.4950 0.4529
1.1565 0.4950 0.4529
1.1565 0.4950 0.4529
1.1565 0.4950 0.4529
1.1565 0.4950 0.4529
1.1565 0.4950 0.4529
1.1565 0.4950 0.4529
1.1565 0.4950 0.4529
1.1565 0.4950 0.4529
1.1565 0.4950 0.4529
1.1565 0.4950 0.4529
1.1565 0.4950 0.4529
1.1565 0.4950 0.4529
1.1565 0.4950 0.4529
1.1565 0.4950 0.4529
1.1565 0.4950 0.4529
1.1565 0.4950 0.4529
1.1565 0.4950 0.4529
1.1565 0.4950 0.4529
1.1565 0.4950 0.4529
1.1565 0.4950 0.4529
1.1565 0.4950 0.4529
1.1565 0.4950 0.4529
1.1565 0.4950 0.4529
1.1566 0.4950 0.4527
1.1566 0.4950 0.4527
1.1566 0.4950 0.4527
1.1566 0.4950 0.4527
1.1566 0.4950 0.4527
1.1566 0.4950 0.4527
1.1566 0.4950 0.4527
1.1566 0.4950 0.4527
1.1566 0.4950 0.4527
1.1566 0.4950 0.4527
1.1566 0.4950 0.4527
1.1566 0.4950 0.4527
1.1566 0.4950 0.4527
1.1566 0.4950 0.4527
1.1566 0.4950 0.4527
1.1566 0.4950 0.4527
1.1566 0.4950 0.4527
1.1566 0.4950 0.4527
1.1566 0.4950 0.4527
1.1566 0.4950 0.4527
1.1566 0.4950 0.4527
1.1566 0.4950 0.4527
1.1566 0.4950 0.4527
1.1566 0.4950 0.4527
1.1568 0.4967 0.4547
1.1568 0.4967 0.4547
1.1568 0.4967 0.4547
1.1568 0.4967 0.4547
1.1568 0.4967 0.4547
1.1568 0.4967 0.4547
1.1568 0.4967 0.4547
1.1568 0.4967 0.4547
1.1568 0.4967 0.4547
1.1568 0.4967 0.4547
1.1568 0.4967 0.4547
1.1568 0.4967 0.4547
1.1568 0.4967 0.4547
1.1568 0.4967 0.4547
1.1568 0.4967 0.4547
1.1568 0.4967 0.4547
1.1568 0.4967 0.4547
1.1568 0.4967 0.4547
1.1568 0.4967 0.4547
1.1568 0.4967 0.4547
1.1568 0.4967 0.4547
1.1568 0.4967 0.4547
1.1568 0.4967 0.4547
1.1568 0.4967 0.4547
1.1568 0.4967 0.4547
1.1568 0.4967 0.4547
1.1568 0.4967 0.4547
1.1568 0.4967 0.4547
1.1568 0.4967 0.4547
1.1568 0.4967 0.4547
1.1568 0.4967 0.4547
1.1568 0.4967 0.4547
1.1568 0.4967 0.4547
1.1568 0.4967 0.4547
1.1568 0.4967 0.4547
1.1568 0.4967 0.4547
1.1568 0.4967 0.4547
1.1568 0.4967 0.4547
1.1568 0.4967 0.4547
1.1568 0.4967 0.4547
1.1568 0.4967 0.4547
1.1568 0.4967 0.4547
1.1568 0.4967 0.4547
1.1568 0.4967 0.4547
1.1568 0.4967 0.4547
1.1568 0.4967 0.4547
1.1568 0.4967 0.4547
1.1568 0.4967 0.4547
1.1568 0.4967 0.4547
1.1568 0.4967 0.4547
1.1568 0.4967 0.4547
1.1568 0.4967 0.4547
1.1568 0.4967 0.4547
1.1568 0.4967 0.4547
1.1568 0.4967 0.4547
1.1568 0.4967 0.4547
1.1568 0.4967 0.4547
1.1568 0.4967 0.4547
1.1568 0.4967 0.4547
1.1568 0.4967 0.4547
1.1568 0.4967 0.4547
1.1568 0.4967 0.4547
1.1568 0.4967 0.4547
1.1568 0.4967 0.4547
1.1568 0.4967 0.4547
1.1568 0.4967 0.4547
1.1568 0.4967 0.4547
1.1568 0.4967 0.4547
1.1568 0.4967 0.4547
1.1568 0.4967 0.4547
1.1568 0.4967 0.4547
1.1568 0.4967 0.4547
1.1568 0.4967 0.4547
1.1568 0.4967 0.4547
1.1568 0.4967 0.4547
1.1568 0.4967 0.4547
1.1568 0.4967 0.4547
1.1568 0.4967 0.4547
1.1568 0.4967 0.4547
1.1568 0.4967 0.4547
1.1568 0.4967 0.4547
1.1568 0.4967 0.4547
1.1568 0.4967 0.4547
1.1568 0.4967 0.4547
1.1568 0.4967 0.4547
1.1568 0.4967 0.4547
1.1568 0.4967 0.4547
1.1568 0.4967 0.4547
1.1568 0.4967 0.4547
1.1568 0.4967 0.4547
1.1568 0.4967 0.4547
1.1568 0.4967 0.4547
1.1568 0.4967 0.4547
1.1568 0.4967 0.4547
1.1568 0.4967 0.4547
1.1568 0.4967 0.4547
1.1568 0.4967 0.4547
1.1568 0.4967 0.4547
1.1568 0.4967 0.4547
1.1568 0.4967 0.4547
1.1568 0.4967 0.4547
1.1568 0.4967 0.4547
1.1568 0.4967 0.4547
1.1568 0.4967 0.4547
1.1568 0.4967 0.4547
1.1568 0.4967 0.4547
1.1568 0.4967 0.4547
1.1568 0.4967 0.4547
1.1568 0.4967 0.4547
1.1568 0.4967 0.4547
1.1568 0.4967 0.4547
1.1568 0.4967 0.4547
1.1568 0.4967 0.4547
1.1568 0.4967 0.4547
1.1568 0.4967 0.4547
1.1568 0.4967 0.4547
1.1568 0.4967 0.4547
1.1568 0.4967 0.4547
1.1568 0.4967 0.4547
1.1568 0.4967 0.4547
1.1568 0.4967 0.4547
1.1568 0.4967 0.4547
1.1568 0.4967 0.4547
1.1568 0.4967 0.4547
1.1568 0.4967 0.4547
1.1568 0.4967 0.4547
1.1568 0.4967 0.4547
1.1568 0.4967 0.4547
1.1568 0.4967 0.4547
1.1568 0.4967 0.4547
1.1568 0.4967 0.4547
1.1568 0.4967 0.4547
1.1568 0.4967 0.4547
1.1568 0.4967 0.4547
1.1568 0.4967 0.4547
1.1568 0.4967 0.4547
1.1568 0.4967 0.4547
1.1568 0.4967 0.4547
1.1568 0.4967 0.4547
1.1568 0.4967 0.4547
1.1568 0.4967 0.4547
1.1568 0.4967 0.4547
1.1568 0.4967 0.4547
1.1568 0.4967 0.4547
1.1568 0.4967 0.4547
1.1568 0.4967 0.4547
1.1568 0.4967 0.4547
1.1568 0.4967 0.4547
1.1568 0.4967 0.4547
1.1568 0.4967 0.4547
1.1568 0.4967 0.4547
1.1568 0.4967 0.4547
1.1568 0.4967 0.4547
1.1568 0.4967 0.4547
1.1568 0.4967 0.4547
1.1568 0.4967 0.4547
1.1568 0.4967 0.4547
1.1568 0.4967 0.4547
1.1568 0.4967 0.4547
1.1568 0.4967 0.4547
1.1568 0.4967 0.4547
1.1568 0.4967 0.4547
1.1568 0.4967 0.4547
1.1568 0.4967 0.4547
1.1568 0.4967 0.4547
1.1568 0.4967 0.4547
1.1568 0.4967 0.4547
1.1568 0.4967 0.4547
1.1568 0.4967 0.4547
1.1568 0.4967 0.4547
1.1568 0.4967 0.4547
1.1568 0.4967 0.4547
1.1568 0.4967 0.4547
1.1568 0.4967 0.4547
1.1568 0.4967 0.4547
1.1568 0.4967 0.4547
1.1568 0.4967 0.4547
1.1568 0.4967 0.4547
1.1568 0.4967 0.4547
1.1568 0.4967 0.4547
1.1568 0.4967 0.4547
1.1568 0.4967 0.4547
1.1568 0.4967 0.4547
1.1568 0.4967 0.4547
1.1568 0.4967 0.4547
1.1568 0.4967 0.4547
1.1568 0.4967 0.4547
1.1568 0.4967 0.4547
1.1568 0.4967 0.4547
1.1568 0.4967 0.4547
1.1568 0.4967 0.4547
1.1568 0.4967 0.4547
1.1568 0.4967 0.4547
1.1568 0.4967 0.4547
1.1568 0.4967 0.4547
1.1568 0.4967 0.4547
1.1568 0.4967 0.4547
1.1568 0.4967 0.4547
1.1568 0.4967 0.4547
1.1568 0.4967 0.4547
1.1568 0.4967 0.4547
1.1568 0.4967 0.4547
1.1568 0.4967 0.4547
1.1568 0.4967 0.4547
1.1568 0.4967 0.4547
1.1568 0.4967 0.4547
1.1568 0.4967 0.4547
1.1568 0.4967 0.4547
1.1568 0.4967 0.4547
1.1568 0.4967 0.4547
1.1568 0.4967 0.4547
1.1568 0.4967 0.4547
1.1568 0.4967 0.4547
1.1568 0.4967 0.4547
1.1568 0.4967 0.4547
1.1568 0.4967 0.4547
1.1568 0.4967 0.4547
1.1568 0.4967 0.4547
1.1568 0.4967 0.4547
1.1568 0.4967 0.4547
1.1568 0.4967 0.4547
1.1568 0.4967 0.4547
1.1568 0.4967 0.4547
1.1568 0.4967 0.4547
1.1568 0.4967 0.4547
1.1568 0.4967 0.4547
1.1568 0.4967 0.4547
1.1568 0.4967 0.4547
1.1568 0.4967 0.4547
1.1568 0.4967 0.4547
1.1568 0.4967 0.4547
1.1568 0.4967 0.4547
1.1568 0.4967 0.4547
1.1568 0.4967 0.4547
1.1568 0.4967 0.4547
1.1568 0.4967 0.4547
1.1568 0.4967 0.4547
1.1568 0.4967 0.4547
1.1568 0.4967 0.4547
1.1568 0.4967 0.4547
1.1568 0.4967 0.4547
1.1568 0.4967 0.4547
1.1568 0.4967 0.4547
1.1568 0.4967 0.4547
1.1568 0.4967 0.4547
1.1568 0.4967 0.4547
1.1568 0.4967 0.4547
1.1568 0.4967 0.4547
1.1568 0.4967 0.4547
1.1568 0.4967 0.4547
1.1568 0.4967 0.4547
1.1568 0.4967 0.4547
1.1568 0.4967 0.4547
1.1568 0.4967 0.4547
1.1568 0.4967 0.4547
1.1568 0.4967 0.4547
1.1568 0.4967 0.4547
1.1568 0.4967 0.4547
1.1568 0.4967 0.4547
1.1568 0.4967 0.4547
1.1568 0.4967 0.4547
1.1568 0.4967 0.4547
1.1568 0.4967 0.4547
1.1568 0.4967 0.4547
1.1568 0.4967 0.4547
1.1568 0.4967 0.4547
1.1568 0.4967 0.4547
1.1568 0.4967 0.4547
1.1568 0.4967 0.4547
1.1568 0.4967 0.4547
1.1568 0.4967 0.4547
1.1568 0.4967 0.4547
1.1568 0.4967 0.4547
1.1568 0.4967 0.4547
1.1568 0.4967 0.4547
1.1568 0.4967 0.4547
1.1568 0.4967 0.4547
1.1568 0.4967 0.4547
1.1568 0.4967 0.4547
1.1568 0.4967 0.4547
1.1568 0.4967 0.4547
1.1568 0.4967 0.4547
1.1568 0.4967 0.4547
1.1568 0.4967 0.4547
1.1568 0.4967 0.4547
1.1568 0.4967 0.4547
1.1568 0.4967 0.4547
1.1568 0.4967 0.4547
1.1568 0.4967 0.4547
1.1568 0.4967 0.4547
1.1568 0.4967 0.4547
1.1568 0.4967 0.4547
1.1568 0.4967 0.4547
1.1568 0.4967 0.4547
1.1568 0.4967 0.4547
1.1568 0.4967 0.4547
1.1568 0.4967 0.4547
1.1568 0.4967 0.4547
1.1568 0.4967 0.4547
1.1568 0.4967 0.4547
1.1568 0.4967 0.4547
1.1568 0.4967 0.4547
1.1568 0.4967 0.4547
1.1568 0.4967 0.4547
1.1568 0.4967 0.4547
1.1568 0.4967 0.4547
1.1568 0.4967 0.4547
1.1568 0.4967 0.4547
1.1568 0.4967 0.4547
1.1568 0.4967 0.4547
1.1568 0.4967 0.4547
1.1568 0.4967 0.4547
1.1568 0.4967 0.4547
1.1568 0.4967 0.4547
1.1568 0.4967 0.4547
1.1568 0.4967 0.4547
1.1568 0.4967 0.4547
1.1568 0.4967 0.4547
1.1568 0.4967 0.4547
1.1568 0.4967 0.4547
1.1568 0.4967 0.4547
1.1568 0.4967 0.4547
1.1568 0.4967 0.4547
1.1568 0.4967 0.4547
1.1568 0.4967 0.4547
1.1568 0.4967 0.4547
1.1568 0.4967 0.4547
1.1568 0.4967 0.4547
1.1568 0.4967 0.4547
1.1568 0.4967 0.4547
1.1568 0.4967 0.4547
1.1568 0.4967 0.4547
1.1568 0.4967 0.4547
1.1568 0.4967 0.4547
1.1568 0.4967 0.4547
1.1568 0.4967 0.4547
1.1568 0.4967 0.4547
1.1568 0.4967 0.4547
1.1568 0.4967 0.4547
1.1568 0.4967 0.4547
1.1568 0.4967 0.4547
1.1568 0.4967 0.4547
1.1568 0.4967 0.4547
1.1568 0.4967 0.4547
1.1568 0.4967 0.4547
1.1568 0.4967 0.4547
1.1568 0.4967 0.4547
1.1568 0.4967 0.4547
1.1568 0.4967 0.4547
1.1568 0.4967 0.4547
1.1568 0.4967 0.4547
1.1568 0.4967 0.4547
1.1568 0.4967 0.4547
1.1568 0.4967 0.4547
1.1568 0.4967 0.4547
1.1568 0.4967 0.4547
1.1568 0.4967 0.4547
1.1568 0.4967 0.4547
1.1568 0.4967 0.4547
1.1568 0.4967 0.4547
1.1568 0.4967 0.4547
1.1568 0.4967 0.4547
1.1568 0.4967 0.4547
1.1568 0.4967 0.4547
1.1568 0.4967 0.4547
1.1568 0.4967 0.4547
1.1568 0.4967 0.4547
1.1568 0.4967 0.4547
1.1568 0.4967 0.4547
1.1568 0.4967 0.4547
1.1568 0.4967 0.4547
1.1568 0.4967 0.4547
1.1568 0.4967 0.4547
1.1568 0.4967 0.4547
1.1568 0.4967 0.4547
1.1568 0.4967 0.4547
1.1568 0.4967 0.4547
1.1568 0.4967 0.4547
1.1568 0.4967 0.4547
1.1568 0.4967 0.4547
1.1568 0.4967 0.4547
1.1568 0.4967 0.4547
1.1568 0.4967 0.4547
1.1568 0.4967 0.4547
1.1568 0.4967 0.4547
1.1568 0.4967 0.4547
1.1568 0.4967 0.4547
1.1568 0.4967 0.4547
1.1568 0.4967 0.4547
1.1568 0.4967 0.4547
1.1568 0.4967 0.4547
1.1568 0.4967 0.4547
1.1568 0.4967 0.4547
1.1568 0.4967 0.4547
1.1568 0.4967 0.4547
1.1568 0.4967 0.4547
1.1568 0.4967 0.4547
1.1568 0.4967 0.4547
1.1577 0.4950 0.4513
1.1577 0.4950 0.4513
1.1577 0.4950 0.4513
1.1577 0.4950 0.4513
1.1577 0.4950 0.4513
1.1577 0.4950 0.4513
1.1577 0.4950 0.4513
1.1577 0.4950 0.4513
1.1577 0.4950 0.4513
1.1577 0.4950 0.4513
1.1577 0.4950 0.4513
1.1577 0.4950 0.4513
1.1586 0.4950 0.4500
1.1586 0.4950 0.4500
1.1586 0.4950 0.4500
1.1586 0.4950 0.4500
1.1586 0.4950 0.4500
1.1586 0.4950 0.4500
1.1586 0.4950 0.4500
1.1586 0.4950 0.4500
1.1586 0.4950 0.4500
1.1586 0.4950 0.4500
1.1586 0.4950 0.4500
1.1588 0.4917 0.4453
1.1619 0.4950 0.4457
1.1619 0.4950 0.4457
1.1619 0.4950 0.4457
1.1619 0.4950 0.4457
1.1619 0.4950 0.4457
1.1619 0.4950 0.4457
1.1619 0.4950 0.4457
1.1619 0.4950 0.4457
1.1619 0.4950 0.4457
1.1619 0.4950 0.4457
1.1621 0.4917 0.4410
1.1621 0.4917 0.4410
1.1621 0.4917 0.4410
1.1621 0.4917 0.4410
1.1621 0.4917 0.4410
1.1621 0.4917 0.4410
1.1621 0.4917 0.4410
1.1621 0.4917 0.4410
1.1621 0.4917 0.4410
1.1621 0.4917 0.4410
1.1621 0.4917 0.4410
1.1621 0.4917 0.4410
1.1621 0.4917 0.4410
1.1621 0.4917 0.4410
1.1621 0.4917 0.4410
1.1621 0.4917 0.4410
1.1621 0.4917 0.4410
1.1621 0.4917 0.4410
1.1621 0.4917 0.4410
1.1621 0.4917 0.4410
1.1621 0.4917 0.4410
1.1621 0.4917 0.4410
1.1621 0.4917 0.4410
1.1621 0.4917 0.4410
1.1621 0.4917 0.4410
1.1621 0.4917 0.4410
1.1621 0.4917 0.4410
1.1621 0.4917 0.4410
1.1621 0.4917 0.4410
1.1621 0.4917 0.4410
1.1621 0.4917 0.4410
1.1621 0.4917 0.4410
1.1621 0.4917 0.4410
1.1621 0.4917 0.4410
1.1621 0.4917 0.4410
1.1621 0.4917 0.4410
1.1621 0.4917 0.4410
1.1621 0.4917 0.4410
1.1621 0.4917 0.4410
1.1621 0.4917 0.4410
1.1621 0.4917 0.4410
1.1621 0.4917 0.4410
1.1621 0.4917 0.4410
1.1621 0.4917 0.4410
1.1621 0.4917 0.4410
1.1621 0.4917 0.4410
1.1621 0.4917 0.4410
1.1621 0.4917 0.4410
1.1621 0.4917 0.4410
1.1621 0.4917 0.4410
1.1621 0.4917 0.4410
1.1621 0.4917 0.4410
1.1621 0.4917 0.4410
1.1621 0.4917 0.4410
1.1621 0.4917 0.4410
1.1621 0.4917 0.4410
1.1621 0.4917 0.4410
1.1621 0.4917 0.4410
1.1621 0.4917 0.4410
1.1621 0.4917 0.4410
1.1626 0.4933 0.4425
1.1626 0.4933 0.4425
1.1626 0.4933 0.4425
1.1626 0.4933 0.4425
1.1626 0.4933 0.4425
1.1626 0.4933 0.4425
1.1626 0.4933 0.4425
1.1626 0.4933 0.4425
1.1626 0.4933 0.4425
1.1626 0.4933 0.4425
1.1626 0.4933 0.4425
1.1626 0.4933 0.4425
1.1626 0.4933 0.4425
1.1626 0.4933 0.4425
1.1626 0.4933 0.4425
1.1626 0.4933 0.4425
1.1626 0.4933 0.4425
1.1626 0.4933 0.4425
1.1626 0.4933 0.4425
1.1626 0.4933 0.4425
1.1626 0.4933 0.4425
1.1626 0.4933 0.4425
1.1626 0.4933 0.4425
1.1626 0.4933 0.4425
1.1626 0.4933 0.4425
1.1626 0.4933 0.4425
1.1626 0.4933 0.4425
1.1626 0.4933 0.4425
1.1626 0.4933 0.4425
1.1626 0.4933 0.4425
1.1626 0.4933 0.4425
1.1626 0.4933 0.4425
1.1626 0.4933 0.4425
1.1626 0.4933 0.4425
1.1626 0.4933 0.4425
1.1626 0.4933 0.4425
1.1626 0.4933 0.4425
1.1626 0.4933 0.4425
1.1626 0.4933 0.4425
1.1626 0.4933 0.4425
1.1626 0.4933 0.4425
1.1626 0.4933 0.4425
1.1626 0.4933 0.4425
1.1626 0.4933 0.4425
1.1626 0.4933 0.4425
1.1626 0.4933 0.4425
1.1626 0.4933 0.4425
1.1626 0.4933 0.4425
1.1626 0.4933 0.4425
1.1626 0.4933 0.4425
1.1628 0.4917 0.4400
1.1628 0.4917 0.4400
1.1628 0.4917 0.4400
1.1628 0.4917 0.4400
1.1628 0.4917 0.4400
1.1628 0.4917 0.4400
1.1628 0.4917 0.4400
1.1628 0.4917 0.4400
1.1628 0.4917 0.4400
1.1628 0.4917 0.4400
1.1628 0.4917 0.4400
1.1628 0.4917 0.4400
1.1628 0.4917 0.4400
1.1628 0.4917 0.4400
1.1628 0.4917 0.4400
1.1628 0.4917 0.4400
1.1628 0.4917 0.4400
1.1632 0.4950 0.4439
1.1632 0.4950 0.4439
1.1632 0.4950 0.4439
1.1632 0.4950 0.4439
1.1632 0.4950 0.4439
1.1632 0.4950 0.4439
1.1632 0.4950 0.4439
1.1632 0.4950 0.4439
1.1632 0.4950 0.4439
1.1632 0.4950 0.4439
1.1632 0.4950 0.4439
1.1632 0.4950 0.4439
1.1632 0.4950 0.4439
1.1632 0.4950 0.4439
1.1632 0.4950 0.4439
1.1632 0.4950 0.4439
1.1632 0.4950 0.4439
1.1632 0.4950 0.4439
1.1632 0.4950 0.4439
1.1632 0.4950 0.4439
1.1632 0.4950 0.4439
1.1632 0.4950 0.4439
1.1632 0.4950 0.4439
1.1632 0.4950 0.4439
1.1632 0.4950 0.4439
1.1632 0.4950 0.4439
1.1632 0.4950 0.4439
1.1632 0.4950 0.4439
1.1632 0.4950 0.4439
1.1632 0.4950 0.4439
1.1632 0.4950 0.4439
1.1632 0.4950 0.4439
1.1632 0.4950 0.4439
1.1632 0.4950 0.4439
1.1632 0.4950 0.4439
1.1632 0.4950 0.4439
1.1632 0.4950 0.4439
1.1632 0.4950 0.4439
1.1632 0.4950 0.4439
1.1632 0.4950 0.4439
1.1632 0.4950 0.4439
1.1632 0.4950 0.4439
1.1632 0.4950 0.4439
1.1632 0.4950 0.4439
1.1632 0.4950 0.4439
1.1632 0.4950 0.4439
1.1632 0.4950 0.4439
1.1632 0.4950 0.4439
1.1632 0.4950 0.4439
1.1632 0.4950 0.4439
1.1632 0.4950 0.4439
1.1632 0.4950 0.4439
1.1632 0.4950 0.4439
1.1632 0.4950 0.4439
1.1632 0.4950 0.4439
1.1632 0.4950 0.4439
1.1632 0.4950 0.4439
1.1632 0.4950 0.4439
1.1632 0.4950 0.4439
1.1632 0.4950 0.4439
1.1632 0.4950 0.4439
1.1632 0.4950 0.4439
1.1632 0.4950 0.4439
1.1632 0.4950 0.4439
1.1632 0.4950 0.4439
1.1632 0.4950 0.4439
1.1632 0.4950 0.4439
1.1632 0.4950 0.4439
1.1632 0.4950 0.4439
1.1632 0.4950 0.4439
1.1632 0.4950 0.4439
1.1632 0.4950 0.4439
1.1632 0.4950 0.4439
1.1632 0.4950 0.4439
1.1632 0.4950 0.4439
1.1632 0.4950 0.4439
1.1632 0.4950 0.4439
1.1632 0.4950 0.4439
1.1632 0.4950 0.4439
1.1632 0.4950 0.4439
1.1632 0.4950 0.4439
1.1632 0.4950 0.4439
1.1632 0.4950 0.4439
1.1632 0.4950 0.4439
1.1632 0.4950 0.4439
1.1632 0.4950 0.4439
1.1632 0.4950 0.4439
1.1632 0.4950 0.4439
1.1632 0.4950 0.4439
1.1632 0.4950 0.4439
1.1632 0.4950 0.4439
1.1632 0.4950 0.4439
1.1632 0.4950 0.4439
1.1632 0.4950 0.4439
1.1632 0.4950 0.4439
1.1632 0.4950 0.4439
1.1632 0.4950 0.4439
1.1632 0.4950 0.4439
1.1632 0.4950 0.4439
1.1632 0.4950 0.4439
1.1632 0.4950 0.4439
1.1632 0.4950 0.4439
1.1632 0.4950 0.4439
1.1632 0.4950 0.4439
1.1632 0.4950 0.4439
1.1632 0.4950 0.4439
1.1632 0.4950 0.4439
1.1632 0.4950 0.4439
1.1632 0.4950 0.4439
1.1632 0.4950 0.4439
1.1632 0.4950 0.4439
1.1632 0.4950 0.4439
1.1632 0.4950 0.4439
1.1632 0.4950 0.4439
1.1632 0.4950 0.4439
1.1632 0.4950 0.4439
1.1632 0.4950 0.4439
1.1632 0.4950 0.4439
1.1632 0.4950 0.4439
1.1632 0.4950 0.4439
1.1632 0.4950 0.4439
1.1632 0.4950 0.4439
1.1632 0.4950 0.4439
1.1632 0.4950 0.4439
1.1632 0.4950 0.4439
1.1632 0.4950 0.4439
1.1632 0.4950 0.4439
1.1632 0.4950 0.4439
1.1632 0.4950 0.4439
1.1632 0.4950 0.4439
1.1632 0.4950 0.4439
1.1632 0.4950 0.4439
1.1632 0.4950 0.4439
1.1632 0.4950 0.4439
1.1632 0.4950 0.4439
1.1632 0.4950 0.4439
1.1632 0.4950 0.4439
1.1632 0.4950 0.4439
1.1632 0.4950 0.4439
1.1632 0.4950 0.4439
1.1632 0.4950 0.4439
1.1632 0.4950 0.4439
1.1632 0.4950 0.4439
1.1632 0.4950 0.4439
1.1632 0.4950 0.4439
1.1632 0.4950 0.4439
1.1632 0.4950 0.4439
1.1632 0.4950 0.4439
1.1632 0.4950 0.4439
1.1632 0.4950 0.4439
1.1632 0.4950 0.4439
1.1632 0.4950 0.4439
1.1632 0.4950 0.4439
1.1632 0.4950 0.4439
1.1632 0.4950 0.4439
1.1632 0.4950 0.4439
1.1632 0.4950 0.4439
1.1632 0.4950 0.4439
1.1632 0.4950 0.4439
1.1632 0.4950 0.4439
1.1632 0.4950 0.4439
1.1632 0.4950 0.4439
1.1632 0.4950 0.4439
1.1632 0.4950 0.4439
1.1632 0.4950 0.4439
1.1632 0.4950 0.4439
1.1632 0.4950 0.4439
1.1632 0.4950 0.4439
1.1632 0.4950 0.4439
1.1632 0.4950 0.4439
1.1632 0.4950 0.4439
1.1632 0.4950 0.4439
1.1632 0.4950 0.4439
1.1632 0.4950 0.4439
1.1632 0.4950 0.4439
1.1632 0.4950 0.4439
1.1632 0.4950 0.4439
1.1632 0.4950 0.4439
1.1632 0.4950 0.4439
1.1632 0.4950 0.4439
1.1632 0.4950 0.4439
1.1632 0.4950 0.4439
1.1632 0.4950 0.4439
1.1632 0.4950 0.4439
1.1632 0.4950 0.4439
1.1632 0.4950 0.4439
1.1632 0.4950 0.4439
1.1632 0.4950 0.4439
1.1632 0.4950 0.4439
1.1632 0.4950 0.4439
1.1632 0.4950 0.4439
1.1632 0.4950 0.4439
1.1632 0.4950 0.4439
1.1632 0.4950 0.4439
1.1632 0.4950 0.4439
1.1632 0.4950 0.4439
1.1632 0.4950 0.4439
1.1632 0.4950 0.4439
1.1632 0.4950 0.4439
1.1632 0.4950 0.4439
1.1632 0.4950 0.4439
1.1632 0.4950 0.4439
1.1632 0.4950 0.4439
1.1632 0.4950 0.4439
1.1632 0.4950 0.4439
1.1632 0.4950 0.4439
1.1632 0.4950 0.4439
1.1633 0.4917 0.4393
1.1633 0.4917 0.4393
1.1647 0.4917 0.4375
1.1647 0.4917 0.4375
1.1647 0.4917 0.4375
1.1647 0.4917 0.4375
1.1647 0.4917 0.4375
1.1647 0.4917 0.4375
1.1647 0.4917 0.4375
1.1647 0.4917 0.4375
1.1647 0.4917 0.4375
1.1647 0.4917 0.4375
1.1647 0.4917 0.4375
1.1647 0.4917 0.4375
1.1647 0.4917 0.4375
1.1647 0.4917 0.4375
1.1647 0.4917 0.4375
1.1647 0.4917 0.4375
1.1647 0.4917 0.4375
1.1647 0.4917 0.4375
1.1647 0.4917 0.4375
1.1647 0.4917 0.4375
1.1647 0.4917 0.4375
1.1647 0.4933 0.4397
1.1647 0.4933 0.4397
1.1647 0.4933 0.4397
1.1647 0.4933 0.4397
1.1647 0.4933 0.4397
1.1647 0.4933 0.4397
1.1647 0.4933 0.4397
1.1647 0.4933 0.4397
1.1647 0.4933 0.4397
1.1647 0.4933 0.4397
1.1647 0.4933 0.4397
1.1647 0.4933 0.4397
1.1647 0.4933 0.4397
1.1647 0.4933 0.4397
1.1647 0.4933 0.4397
1.1647 0.4933 0.4397
1.1647 0.4933 0.4397
1.1647 0.4933 0.4397
1.1648 0.4900 0.4351
1.1648 0.4900 0.4351
1.1648 0.4900 0.4351
1.1648 0.4900 0.4351
1.1648 0.4900 0.4351
1.1648 0.4900 0.4351
1.1648 0.4900 0.4351
1.1648 0.4900 0.4351
1.1648 0.4900 0.4351
1.1648 0.4900 0.4351
1.1648 0.4900 0.4351
1.1648 0.4883 0.4328
1.1648 0.4883 0.4328
1.1648 0.4883 0.4328
1.1648 0.4883 0.4328
1.1648 0.4883 0.4328
1.1648 0.4883 0.4328
1.1648 0.4883 0.4328
1.1648 0.4883 0.4328
1.1648 0.4883 0.4328
1.1648 0.4883 0.4328
1.1648 0.4883 0.4328
1.1648 0.4883 0.4328
1.1648 0.4883 0.4328
1.1648 0.4883 0.4328
1.1648 0.4883 0.4328
1.1648 0.4883 0.4328
1.1648 0.4883 0.4328
1.1648 0.4883 0.4328
1.1648 0.4883 0.4328
1.1648 0.4883 0.4328
1.1648 0.4883 0.4328
1.1648 0.4883 0.4328
1.1648 0.4883 0.4328
1.1648 0.4883 0.4328
1.1648 0.4883 0.4328
1.1648 0.4883 0.4328
1.1648 0.4883 0.4328
1.1648 0.4883 0.4328
1.1648 0.4883 0.4328
1.1648 0.4883 0.4328
1.1648 0.4883 0.4328
1.1648 0.4883 0.4328
1.1648 0.4883 0.4328
1.1648 0.4883 0.4328
1.1648 0.4883 0.4328
1.1648 0.4883 0.4328
1.1648 0.4883 0.4328
1.1648 0.4883 0.4328
1.1648 0.4883 0.4328
1.1648 0.4883 0.4328
1.1648 0.4883 0.4328
1.1648 0.4883 0.4328
1.1648 0.4883 0.4328
1.1648 0.4883 0.4328
1.1648 0.4883 0.4328
1.1648 0.4883 0.4328
1.1648 0.4883 0.4328
1.1648 0.4883 0.4328
1.1648 0.4883 0.4328
1.1649 0.4917 0.4372
1.1649 0.4917 0.4372
1.1649 0.4917 0.4372
1.1649 0.4917 0.4372
1.1649 0.4917 0.4372
1.1649 0.4917 0.4372
1.1656 0.4900 0.4340
1.1656 0.4900 0.4340
1.1656 0.4900 0.4340
1.1656 0.4900 0.4340
1.1656 0.4900 0.4340
1.1656 0.4900 0.4340
1.1656 0.4900 0.4340
1.1656 0.4900 0.4340
1.1656 0.4900 0.4340
1.1656 0.4900 0.4340
1.1656 0.4900 0.4340
1.1656 0.4900 0.4340
1.1656 0.4900 0.4340
1.1656 0.4900 0.4340
1.1656 0.4900 0.4340
1.1656 0.4900 0.4340
1.1683 0.4917 0.4327
1.1683 0.4917 0.4327
1.1683 0.4917 0.4327
1.1683 0.4917 0.4327
1.1683 0.4917 0.4327
1.1683 0.4917 0.4327
1.1683 0.4917 0.4327
1.1683 0.4917 0.4327
1.1683 0.4917 0.4327
1.1683 0.4917 0.4327
1.1683 0.4917 0.4327
1.1683 0.4917 0.4327
1.1683 0.4917 0.4327
1.1683 0.4917 0.4327
1.1683 0.4917 0.4327
1.1683 0.4917 0.4327
1.1683 0.4917 0.4327
1.1683 0.4917 0.4327
1.1686 0.4933 0.4345
1.1686 0.4933 0.4345
1.1686 0.4933 0.4345
1.1686 0.4933 0.4345
1.1686 0.4933 0.4345
1.1686 0.4933 0.4345
1.1686 0.4933 0.4345
1.1686 0.4933 0.4345
1.1686 0.4933 0.4345
1.1686 0.4933 0.4345
1.1686 0.4933 0.4345
1.1686 0.4933 0.4345
1.1686 0.4933 0.4345
1.1686 0.4933 0.4345
1.1686 0.4933 0.4345
1.1686 0.4933 0.4345
1.1686 0.4933 0.4345
1.1686 0.4933 0.4345
1.1686 0.4933 0.4345
1.1686 0.4933 0.4345
1.1686 0.4933 0.4345
1.1686 0.4933 0.4345
1.1686 0.4933 0.4345
1.1686 0.4933 0.4345
1.1686 0.4933 0.4345
1.1686 0.4933 0.4345
1.1686 0.4933 0.4345
1.1686 0.4933 0.4345
1.1686 0.4933 0.4345
1.1686 0.4933 0.4345
1.1686 0.4933 0.4345
1.1686 0.4933 0.4345
1.1686 0.4933 0.4345
1.1686 0.4933 0.4345
1.1686 0.4933 0.4345
1.1686 0.4933 0.4345
1.1686 0.4933 0.4345
1.1686 0.4933 0.4345
1.1686 0.4933 0.4345
1.1686 0.4933 0.4345
1.1686 0.4933 0.4345
1.1686 0.4933 0.4345
1.1686 0.4933 0.4345
1.1686 0.4933 0.4345
1.1686 0.4933 0.4345
1.1686 0.4933 0.4345
1.1686 0.4933 0.4345
1.1686 0.4933 0.4345
1.1686 0.4933 0.4345
1.1686 0.4933 0.4345
1.1686 0.4933 0.4345
1.1686 0.4933 0.4345
1.1686 0.4933 0.4345
1.1686 0.4933 0.4345
1.1686 0.4933 0.4345
1.1686 0.4933 0.4345
1.1686 0.4933 0.4345
1.1686 0.4933 0.4345
1.1686 0.4933 0.4345
1.1686 0.4933 0.4345
1.1686 0.4933 0.4345
1.1686 0.4933 0.4345
1.1686 0.4933 0.4345
1.1686 0.4933 0.4345
1.1686 0.4933 0.4345
1.1686 0.4933 0.4345
1.1686 0.4933 0.4345
1.1686 0.4933 0.4345
1.1686 0.4933 0.4345
1.1686 0.4933 0.4345
1.1686 0.4933 0.4345
1.1686 0.4933 0.4345
1.1686 0.4933 0.4345
1.1686 0.4933 0.4345
1.1686 0.4933 0.4345
1.1686 0.4933 0.4345
1.1686 0.4933 0.4345
1.1686 0.4933 0.4345
1.1686 0.4933 0.4345
1.1686 0.4933 0.4345
1.1686 0.4933 0.4345
1.1686 0.4933 0.4345
1.1686 0.4933 0.4345
1.1686 0.4933 0.4345
1.1686 0.4933 0.4345
1.1686 0.4933 0.4345
1.1686 0.4933 0.4345
1.1686 0.4933 0.4345
1.1686 0.4933 0.4345
1.1686 0.4933 0.4345
1.1686 0.4933 0.4345
1.1686 0.4933 0.4345
1.1686 0.4933 0.4345
1.1686 0.4933 0.4345
1.1686 0.4933 0.4345
1.1686 0.4933 0.4345
1.1686 0.4933 0.4345
1.1686 0.4933 0.4345
1.1686 0.4933 0.4345
1.1686 0.4933 0.4345
1.1686 0.4933 0.4345
1.1686 0.4933 0.4345
1.1686 0.4933 0.4345
1.1686 0.4933 0.4345
1.1686 0.4933 0.4345
1.1686 0.4933 0.4345
1.1686 0.4933 0.4345
1.1686 0.4933 0.4345
1.1686 0.4933 0.4345
1.1686 0.4933 0.4345
1.1686 0.4933 0.4345
1.1686 0.4933 0.4345
1.1686 0.4933 0.4345
1.1686 0.4933 0.4345
1.1686 0.4933 0.4345
1.1686 0.4933 0.4345
1.1686 0.4933 0.4345
1.1686 0.4933 0.4345
1.1686 0.4933 0.4345
1.1686 0.4933 0.4345
1.1686 0.4933 0.4345
1.1686 0.4933 0.4345
1.1686 0.4933 0.4345
1.1686 0.4933 0.4345
1.1686 0.4933 0.4345
1.1686 0.4933 0.4345
1.1686 0.4933 0.4345
1.1686 0.4933 0.4345
1.1686 0.4933 0.4345
1.1686 0.4933 0.4345
1.1686 0.4933 0.4345
1.1686 0.4933 0.4345
1.1686 0.4933 0.4345
1.1686 0.4933 0.4345
1.1686 0.4933 0.4345
1.1686 0.4933 0.4345
1.1686 0.4933 0.4345
1.1686 0.4933 0.4345
1.1686 0.4933 0.4345
1.1686 0.4933 0.4345
1.1686 0.4933 0.4345
1.1686 0.4933 0.4345
1.1686 0.4933 0.4345
1.1686 0.4933 0.4345
1.1686 0.4933 0.4345
1.1686 0.4933 0.4345
1.1686 0.4933 0.4345
1.1686 0.4933 0.4345
1.1686 0.4933 0.4345
1.1686 0.4933 0.4345
1.1686 0.4933 0.4345
1.1686 0.4933 0.4345
1.1686 0.4933 0.4345
1.1686 0.4933 0.4345
1.1686 0.4933 0.4345
1.1686 0.4933 0.4345
1.1686 0.4933 0.4345
1.1686 0.4933 0.4345
1.1686 0.4933 0.4345
1.1686 0.4933 0.4345
1.1686 0.4933 0.4345
1.1686 0.4933 0.4345
1.1686 0.4933 0.4345
1.1686 0.4933 0.4345
1.1686 0.4933 0.4345
1.1686 0.4933 0.4345
1.1686 0.4933 0.4345
1.1686 0.4933 0.4345
1.1686 0.4933 0.4345
1.1686 0.4933 0.4345
1.1686 0.4933 0.4345
1.1686 0.4933 0.4345
1.1686 0.4933 0.4345
1.1686 0.4933 0.4345
1.1686 0.4933 0.4345
1.1686 0.4933 0.4345
1.1686 0.4933 0.4345
1.1686 0.4933 0.4345
1.1686 0.4933 0.4345
1.1686 0.4933 0.4345
1.1686 0.4933 0.4345
1.1686 0.4933 0.4345
1.1686 0.4933 0.4345
1.1686 0.4933 0.4345
1.1686 0.4933 0.4345
1.1686 0.4933 0.4345
1.1686 0.4933 0.4345
1.1686 0.4933 0.4345
1.1686 0.4933 0.4345
1.1686 0.4933 0.4345
1.1686 0.4933 0.4345
1.1686 0.4933 0.4345
1.1686 0.4933 0.4345
1.1686 0.4933 0.4345
1.1686 0.4933 0.4345
1.1686 0.4933 0.4345
1.1686 0.4933 0.4345
1.1686 0.4933 0.4345
1.1686 0.4933 0.4345
1.1686 0.4933 0.4345
1.1686 0.4933 0.4345
1.1686 0.4933 0.4345
1.1686 0.4933 0.4345
1.1686 0.4933 0.4345
1.1686 0.4933 0.4345
1.1686 0.4933 0.4345
1.1686 0.4933 0.4345
1.1686 0.4933 0.4345
1.1686 0.4933 0.4345
1.1686 0.4933 0.4345
1.1686 0.4933 0.4345
1.1686 0.4933 0.4345
1.1686 0.4933 0.4345
1.1686 0.4933 0.4345
1.1686 0.4933 0.4345
1.1686 0.4933 0.4345
1.1686 0.4933 0.4345
1.1686 0.4933 0.4345
1.1686 0.4933 0.4345
1.1686 0.4933 0.4345
1.1686 0.4933 0.4345
1.1686 0.4933 0.4345
1.1686 0.4933 0.4345
1.1686 0.4933 0.4345
1.1686 0.4933 0.4345
1.1686 0.4933 0.4345
1.1686 0.4933 0.4345
1.1686 0.4933 0.4345
1.1686 0.4933 0.4345
1.1686 0.4933 0.4345
1.1686 0.4933 0.4345
1.1686 0.4933 0.4345
1.1686 0.4933 0.4345
1.1686 0.4933 0.4345
1.1686 0.4933 0.4345
1.1686 0.4933 0.4345
1.1686 0.4933 0.4345
1.1686 0.4933 0.4345
1.1686 0.4933 0.4345
1.1686 0.4933 0.4345
1.1686 0.4933 0.4345
1.1686 0.4933 0.4345
1.1686 0.4933 0.4345
1.1686 0.4933 0.4345
1.1686 0.4933 0.4345
1.1686 0.4933 0.4345
1.1686 0.4933 0.4345
1.1686 0.4933 0.4345
1.1686 0.4933 0.4345
1.1686 0.4933 0.4345
1.1686 0.4933 0.4345
1.1686 0.4933 0.4345
1.1686 0.4933 0.4345
1.1686 0.4933 0.4345
1.1686 0.4933 0.4345
1.1686 0.4933 0.4345
1.1686 0.4933 0.4345
1.1686 0.4933 0.4345
1.1686 0.4933 0.4345
1.1686 0.4933 0.4345
1.1686 0.4933 0.4345
1.1686 0.4933 0.4345
1.1686 0.4933 0.4345
1.1686 0.4933 0.4345
1.1686 0.4933 0.4345
1.1686 0.4933 0.4345
1.1686 0.4933 0.4345
1.1686 0.4933 0.4345
1.1686 0.4933 0.4345
1.1686 0.4933 0.4345
1.1686 0.4933 0.4345
1.1686 0.4933 0.4345
1.1686 0.4933 0.4345
1.1686 0.4933 0.4345
1.1686 0.4933 0.4345
1.1686 0.4933 0.4345
1.1686 0.4933 0.4345
1.1686 0.4933 0.4345
1.1686 0.4933 0.4345
1.1686 0.4933 0.4345
1.1686 0.4933 0.4345
1.1686 0.4933 0.4345
1.1686 0.4933 0.4345
1.1686 0.4933 0.4345
1.1686 0.4933 0.4345
1.1686 0.4933 0.4345
1.1686 0.4933 0.4345
1.1686 0.4933 0.4345
1.1686 0.4933 0.4345
1.1686 0.4933 0.4345
1.1686 0.4933 0.4345
1.1686 0.4933 0.4345
1.1686 0.4933 0.4345
1.1686 0.4933 0.4345
1.1686 0.4933 0.4345
1.1686 0.4933 0.4345
1.1686 0.4933 0.4345
1.1686 0.4933 0.4345
1.1686 0.4933 0.4345
1.1686 0.4933 0.4345
1.1686 0.4933 0.4345
1.1686 0.4933 0.4345
1.1686 0.4933 0.4345
1.1686 0.4933 0.4345
1.1686 0.4933 0.4345
1.1686 0.4933 0.4345
1.1686 0.4933 0.4345
1.1686 0.4933 0.4345
1.1686 0.4933 0.4345
1.1686 0.4933 0.4345
1.1686 0.4933 0.4345
1.1686 0.4933 0.4345
1.1686 0.4933 0.4345
1.1686 0.4933 0.4345
1.1686 0.4933 0.4345
1.1686 0.4933 0.4345
1.1686 0.4933 0.4345
1.1686 0.4933 0.4345
1.1686 0.4933 0.4345
1.1686 0.4933 0.4345
1.1686 0.4933 0.4345
1.1686 0.4933 0.4345
1.1686 0.4933 0.4345
1.1686 0.4933 0.4345
1.1686 0.4933 0.4345
1.1686 0.4933 0.4345
1.1686 0.4933 0.4345
1.1686 0.4933 0.4345
1.1686 0.4933 0.4345
1.1686 0.4933 0.4345
1.1686 0.4933 0.4345
1.1686 0.4933 0.4345
1.1686 0.4933 0.4345
1.1686 0.4933 0.4345
1.1686 0.4933 0.4345
1.1686 0.4933 0.4345
1.1686 0.4933 0.4345
1.1686 0.4933 0.4345
1.1686 0.4933 0.4345
1.1686 0.4933 0.4345
1.1686 0.4933 0.4345
1.1686 0.4933 0.4345
1.1686 0.4933 0.4345
1.1686 0.4933 0.4345
1.1686 0.4933 0.4345
1.1686 0.4933 0.4345
1.1690 0.4950 0.4362
1.1690 0.4950 0.4362
1.1690 0.4950 0.4362
1.1690 0.4950 0.4362
1.1690 0.4950 0.4362
1.1690 0.4950 0.4362
1.1690 0.4950 0.4362
1.1690 0.4950 0.4362
1.1690 0.4950 0.4362
1.1690 0.4950 0.4362
1.1690 0.4950 0.4362
1.1690 0.4950 0.4362
1.1690 0.4950 0.4362
1.1690 0.4950 0.4362
1.1690 0.4950 0.4362
1.1690 0.4950 0.4362
1.1690 0.4950 0.4362
1.1690 0.4950 0.4362
1.1690 0.4950 0.4362
1.1690 0.4950 0.4362
1.1690 0.4950 0.4362
1.1690 0.4950 0.4362
1.1690 0.4950 0.4362
1.1690 0.4950 0.4362
1.1690 0.4950 0.4362
1.1690 0.4950 0.4362
1.1690 0.4950 0.4362
1.1690 0.4950 0.4362
1.1690 0.4950 0.4362
1.1690 0.4950 0.4362
1.1690 0.4950 0.4362
1.1690 0.4950 0.4362
1.1690 0.4950 0.4362
1.1690 0.4950 0.4362
1.1690 0.4950 0.4362
1.1690 0.4950 0.4362
1.1690 0.4950 0.4362
1.1690 0.4950 0.4362
1.1690 0.4950 0.4362
1.1690 0.4950 0.4362
1.1690 0.4950 0.4362
1.1690 0.4950 0.4362
1.1690 0.4950 0.4362
1.1690 0.4950 0.4362
1.1690 0.4950 0.4362
1.1690 0.4950 0.4362
1.1690 0.4950 0.4362
1.1690 0.4950 0.4362
1.1690 0.4950 0.4362
1.1690 0.4950 0.4362
1.1690 0.4950 0.4362
1.1690 0.4950 0.4362
1.1690 0.4950 0.4362
1.1690 0.4950 0.4362
1.1690 0.4950 0.4362
1.1690 0.4950 0.4362
1.1690 0.4950 0.4362
1.1690 0.4950 0.4362
1.1690 0.4950 0.4362
1.1690 0.4950 0.4362
1.1690 0.4950 0.4362
1.1690 0.4950 0.4362
1.1690 0.4950 0.4362
1.1690 0.4950 0.4362
1.1690 0.4950 0.4362
1.1690 0.4950 0.4362
1.1690 0.4950 0.4362
1.1690 0.4950 0.4362
1.1690 0.4950 0.4362
1.1690 0.4950 0.4362
1.1690 0.4950 0.4362
1.1690 0.4950 0.4362
1.1690 0.4950 0.4362
1.1690 0.4950 0.4362
1.1690 0.4950 0.4362
1.1690 0.4950 0.4362
1.1690 0.4950 0.4362
1.1690 0.4950 0.4362
1.1690 0.4950 0.4362
1.1690 0.4950 0.4362
1.1690 0.4950 0.4362
1.1690 0.4950 0.4362
1.1690 0.4950 0.4362
1.1690 0.4950 0.4362
1.1690 0.4950 0.4362
1.1690 0.4950 0.4362
1.1690 0.4950 0.4362
1.1690 0.4950 0.4362
1.1690 0.4950 0.4362
1.1690 0.4950 0.4362
1.1690 0.4950 0.4362
1.1690 0.4950 0.4362
1.1690 0.4950 0.4362
1.1690 0.4950 0.4362
1.1690 0.4950 0.4362
1.1690 0.4950 0.4362
1.1690 0.4950 0.4362
1.1690 0.4950 0.4362
1.1690 0.4950 0.4362
1.1690 0.4950 0.4362
1.1690 0.4950 0.4362
1.1690 0.4950 0.4362
1.1690 0.4950 0.4362
1.1690 0.4950 0.4362
1.1690 0.4950 0.4362
1.1690 0.4950 0.4362
1.1690 0.4950 0.4362
1.1690 0.4950 0.4362
1.1690 0.4950 0.4362
1.1690 0.4950 0.4362
1.1690 0.4950 0.4362
1.1690 0.4950 0.4362
1.1690 0.4950 0.4362
1.1690 0.4950 0.4362
1.1690 0.4950 0.4362
1.1690 0.4950 0.4362
1.1690 0.4950 0.4362
1.1690 0.4950 0.4362
1.1690 0.4950 0.4362
1.1696 0.4950 0.4353
1.1696 0.4950 0.4353
1.1696 0.4950 0.4353
1.1696 0.4950 0.4353
1.1696 0.4950 0.4353
1.1696 0.4950 0.4353
1.1696 0.4950 0.4353
1.1696 0.4950 0.4353
1.1696 0.4950 0.4353
1.1696 0.4950 0.4353
1.1696 0.4950 0.4353
1.1696 0.4950 0.4353
1.1696 0.4950 0.4353
1.1696 0.4950 0.4353
1.1696 0.4950 0.4353
1.1696 0.4950 0.4353
1.1696 0.4950 0.4353
1.1696 0.4950 0.4353
1.1696 0.4950 0.4353
1.1696 0.4950 0.4353
1.1696 0.4950 0.4353
1.1696 0.4950 0.4353
1.1696 0.4950 0.4353
1.1701 0.4950 0.4347
1.1701 0.4950 0.4347
1.1701 0.4950 0.4347
1.1701 0.4950 0.4347
1.1701 0.4950 0.4347
1.1701 0.4950 0.4347
1.1701 0.4950 0.4347
1.1701 0.4950 0.4347
1.1701 0.4950 0.4347
1.1701 0.4950 0.4347
1.1701 0.4950 0.4347
1.1701 0.4950 0.4347
1.1701 0.4950 0.4347
1.1701 0.4950 0.4347
1.1701 0.4950 0.4347
1.1701 0.4950 0.4347
1.1701 0.4950 0.4347
1.1701 0.4950 0.4347
1.1701 0.4950 0.4347
1.1701 0.4950 0.4347
1.1701 0.4950 0.4347
1.1701 0.4950 0.4347
1.1701 0.4950 0.4347
1.1701 0.4950 0.4347
1.1701 0.4950 0.4347
1.1701 0.4950 0.4347
1.1701 0.4950 0.4347
1.1701 0.4950 0.4347
1.1701 0.4950 0.4347
1.1701 0.4950 0.4347
1.1701 0.4950 0.4347
1.1701 0.4950 0.4347
1.1701 0.4950 0.4347
1.1701 0.4950 0.4347
1.1701 0.4950 0.4347
1.1701 0.4950 0.4347
1.1701 0.4950 0.4347
1.1701 0.4950 0.4347
1.1701 0.4950 0.4347
1.1701 0.4950 0.4347
1.1701 0.4950 0.4347
1.1701 0.4950 0.4347
1.1701 0.4950 0.4347
1.1701 0.4950 0.4347
1.1701 0.4950 0.4347
1.1701 0.4950 0.4347
1.1701 0.4950 0.4347
1.1701 0.4950 0.4347
1.1701 0.4950 0.4347
1.1701 0.4950 0.4347
1.1701 0.4950 0.4347
1.1701 0.4950 0.4347
1.1701 0.4950 0.4347
1.1701 0.4950 0.4347
1.1701 0.4950 0.4347
1.1701 0.4950 0.4347
1.1701 0.4950 0.4347
1.1701 0.4950 0.4347
1.1701 0.4950 0.4347
1.1701 0.4950 0.4347
1.1701 0.4950 0.4347
1.1701 0.4950 0.4347
1.1701 0.4950 0.4347
1.1701 0.4950 0.4347
1.1701 0.4950 0.4347
1.1701 0.4950 0.4347
1.1701 0.4950 0.4347
1.1701 0.4950 0.4347
1.1701 0.4950 0.4347
1.1701 0.4950 0.4347
1.1701 0.4950 0.4347
1.1701 0.4950 0.4347
1.1701 0.4950 0.4347
1.1701 0.4950 0.4347
1.1701 0.4950 0.4347
1.1701 0.4950 0.4347
1.1701 0.4950 0.4347
1.1701 0.4950 0.4347
1.1701 0.4950 0.4347
1.1701 0.4950 0.4347
1.1701 0.4950 0.4347
1.1701 0.4950 0.4347
1.1701 0.4950 0.4347
1.1701 0.4950 0.4347
1.1701 0.4950 0.4347
1.1701 0.4950 0.4347
1.1701 0.4950 0.4347
1.1701 0.4950 0.4347
1.1701 0.4950 0.4347
1.1701 0.4950 0.4347
1.1701 0.4950 0.4347
1.1701 0.4950 0.4347
1.1701 0.4950 0.4347
1.1701 0.4950 0.4347
1.1701 0.4950 0.4347
1.1701 0.4950 0.4347
1.1701 0.4950 0.4347
1.1701 0.4950 0.4347
1.1701 0.4950 0.4347
1.1701 0.4950 0.4347
1.1701 0.4950 0.4347
1.1701 0.4950 0.4347
1.1701 0.4950 0.4347
1.1701 0.4950 0.4347
1.1701 0.4950 0.4347
1.1701 0.4950 0.4347
1.1701 0.4950 0.4347
1.1701 0.4950 0.4347
1.1701 0.4950 0.4347
1.1701 0.4950 0.4347
1.1701 0.4950 0.4347
1.1701 0.4950 0.4347
1.1701 0.4950 0.4347
1.1701 0.4950 0.4347
1.1701 0.4950 0.4347
1.1701 0.4950 0.4347
1.1701 0.4950 0.4347
1.1701 0.4950 0.4347
1.1701 0.4950 0.4347
1.1701 0.4950 0.4347
1.1701 0.4950 0.4347
1.1701 0.4950 0.4347
1.1701 0.4950 0.4347
1.1701 0.4950 0.4347
1.1701 0.4950 0.4347
1.1701 0.4950 0.4347
1.1701 0.4950 0.4347
1.1701 0.4950 0.4347
1.1701 0.4950 0.4347
1.1701 0.4950 0.4347
1.1701 0.4950 0.4347
1.1701 0.4950 0.4347
1.1701 0.4950 0.4347
1.1701 0.4950 0.4347
1.1701 0.4950 0.4347
1.1701 0.4950 0.4347
1.1701 0.4950 0.4347
1.1701 0.4950 0.4347
1.1701 0.4950 0.4347
1.1701 0.4950 0.4347
1.1701 0.4950 0.4347
1.1701 0.4950 0.4347
1.1701 0.4950 0.4347
1.1701 0.4950 0.4347
1.1701 0.4950 0.4347
1.1701 0.4950 0.4347
1.1701 0.4950 0.4347
1.1701 0.4950 0.4347
1.1701 0.4950 0.4347
1.1701 0.4950 0.4347
1.1701 0.4950 0.4347
1.1701 0.4950 0.4347
1.1701 0.4950 0.4347
1.1701 0.4950 0.4347
1.1701 0.4950 0.4347
1.1701 0.4950 0.4347
1.1701 0.4950 0.4347
1.1701 0.4950 0.4347
1.1701 0.4950 0.4347
1.1701 0.4950 0.4347
1.1701 0.4950 0.4347
1.1701 0.4950 0.4347
1.1701 0.4950 0.4347
1.1701 0.4950 0.4347
1.1701 0.4950 0.4347
1.1701 0.4950 0.4347
1.1701 0.4950 0.4347
1.1701 0.4950 0.4347
1.1701 0.4950 0.4347
1.1701 0.4950 0.4347
1.1701 0.4950 0.4347
1.1701 0.4950 0.4347
1.1701 0.4950 0.4347
1.1701 0.4950 0.4347
1.1701 0.4950 0.4347
1.1701 0.4950 0.4347
1.1701 0.4950 0.4347
1.1701 0.4950 0.4347
1.1701 0.4950 0.4347
1.1701 0.4950 0.4347
1.1701 0.4950 0.4347
1.1701 0.4950 0.4347
1.1701 0.4950 0.4347
1.1701 0.4950 0.4347
1.1701 0.4950 0.4347
1.1701 0.4950 0.4347
1.1701 0.4950 0.4347
1.1701 0.4950 0.4347
1.1701 0.4950 0.4347
1.1701 0.4950 0.4347
1.1701 0.4950 0.4347
1.1701 0.4950 0.4347
1.1701 0.4950 0.4347
1.1701 0.4950 0.4347
1.1701 0.4950 0.4347
1.1701 0.4950 0.4347
1.1701 0.4950 0.4347
1.1701 0.4950 0.4347
1.1701 0.4950 0.4347
1.1701 0.4950 0.4347
1.1701 0.4950 0.4347
1.1701 0.4950 0.4347
1.1701 0.4950 0.4347
1.1701 0.4950 0.4347
1.1701 0.4950 0.4347
1.1701 0.4950 0.4347
1.1701 0.4950 0.4347
1.1701 0.4950 0.4347
1.1701 0.4950 0.4347
1.1704 0.4950 0.4343
1.1704 0.4950 0.4343
1.1704 0.4950 0.4343
1.1704 0.4950 0.4343
1.1704 0.4950 0.4343
1.1704 0.4950 0.4343
1.1704 0.4950 0.4343
1.1704 0.4950 0.4343
1.1704 0.4950 0.4343
1.1704 0.4950 0.4343
1.1704 0.4950 0.4343
1.1704 0.4950 0.4343
1.1704 0.4950 0.4343
1.1704 0.4950 0.4343
1.1704 0.4950 0.4343
1.1704 0.4950 0.4343
1.1704 0.4950 0.4343
1.1704 0.4950 0.4343
1.1704 0.4950 0.4343
1.1704 0.4950 0.4343
1.1704 0.4950 0.4343
1.1704 0.4950 0.4343
1.1704 0.4950 0.4343
1.1704 0.4950 0.4343
1.1704 0.4950 0.4343
1.1704 0.4950 0.4343
1.1704 0.4950 0.4343
1.1704 0.4950 0.4343
1.1704 0.4950 0.4343
1.1704 0.4950 0.4343
1.1704 0.4950 0.4343
1.1704 0.4950 0.4343
1.1704 0.4950 0.4343
1.1704 0.4950 0.4343
1.1704 0.4950 0.4343
1.1704 0.4950 0.4343
1.1704 0.4950 0.4343
1.1704 0.4950 0.4343
1.1704 0.4950 0.4343
1.1704 0.4950 0.4343
1.1704 0.4950 0.4343
1.1704 0.4950 0.4343
1.1704 0.4950 0.4343
1.1704 0.4950 0.4343
1.1704 0.4950 0.4343
1.1704 0.4950 0.4343
1.1704 0.4950 0.4343
1.1704 0.4950 0.4343
1.1704 0.4950 0.4343
1.1704 0.4950 0.4343
1.1704 0.4950 0.4343
1.1704 0.4950 0.4343
1.1704 0.4950 0.4343
1.1704 0.4950 0.4343
1.1704 0.4950 0.4343
1.1704 0.4950 0.4343
1.1704 0.4950 0.4343
1.1704 0.4950 0.4343
1.1704 0.4950 0.4343
1.1704 0.4950 0.4343
1.1704 0.4950 0.4343
1.1704 0.4950 0.4343
1.1704 0.4950 0.4343
1.1704 0.4950 0.4343
1.1704 0.4950 0.4343
1.1704 0.4950 0.4343
1.1704 0.4950 0.4343
1.1704 0.4950 0.4343
1.1704 0.4950 0.4343
1.1704 0.4950 0.4343
1.1704 0.4950 0.4343
1.1704 0.4950 0.4343
1.1704 0.4950 0.4343
1.1704 0.4950 0.4343
1.1704 0.4950 0.4343
1.1704 0.4950 0.4343
1.1704 0.4950 0.4343
1.1704 0.4950 0.4343
1.1704 0.4950 0.4343
1.1704 0.4950 0.4343
1.1704 0.4950 0.4343
1.1704 0.4950 0.4343
1.1704 0.4950 0.4343
1.1704 0.4950 0.4343
1.1704 0.4950 0.4343
1.1704 0.4950 0.4343
1.1704 0.4950 0.4343
1.1704 0.4950 0.4343
1.1704 0.4950 0.4343
1.1704 0.4950 0.4343
1.1704 0.4950 0.4343
1.1704 0.4950 0.4343
1.1704 0.4950 0.4343
1.1704 0.4950 0.4343
1.1704 0.4950 0.4343
1.1704 0.4950 0.4343
1.1704 0.4950 0.4343
1.1704 0.4950 0.4343
1.1704 0.4950 0.4343
1.1704 0.4950 0.4343
1.1704 0.4950 0.4343
1.1704 0.4950 0.4343
1.1704 0.4950 0.4343
1.1704 0.4950 0.4343
1.1704 0.4950 0.4343
1.1704 0.4950 0.4343
1.1704 0.4950 0.4343
1.1704 0.4950 0.4343
1.1704 0.4950 0.4343
1.1704 0.4950 0.4343
1.1704 0.4950 0.4343
1.1704 0.4950 0.4343
1.1704 0.4950 0.4343
1.1704 0.4950 0.4343
1.1704 0.4950 0.4343
1.1704 0.4950 0.4343
1.1704 0.4950 0.4343
1.1704 0.4950 0.4343
1.1704 0.4950 0.4343
1.1704 0.4950 0.4343
1.1704 0.4950 0.4343
1.1704 0.4950 0.4343
1.1704 0.4950 0.4343
1.1704 0.4950 0.4343
1.1704 0.4950 0.4343
1.1704 0.4950 0.4343
1.1704 0.4950 0.4343
1.1704 0.4950 0.4343
1.1704 0.4950 0.4343
1.1704 0.4950 0.4343
1.1704 0.4950 0.4343
1.1704 0.4950 0.4343
1.1704 0.4950 0.4343
1.1704 0.4950 0.4343
1.1704 0.4950 0.4343
1.1704 0.4950 0.4343
1.1704 0.4950 0.4343
1.1704 0.4950 0.4343
1.1704 0.4950 0.4343
1.1704 0.4950 0.4343
1.1704 0.4950 0.4343
1.1704 0.4950 0.4343
1.1704 0.4950 0.4343
1.1704 0.4950 0.4343
1.1704 0.4950 0.4343
1.1704 0.4950 0.4343
1.1704 0.4950 0.4343
1.1704 0.4950 0.4343
1.1704 0.4950 0.4343
1.1704 0.4950 0.4343
1.1704 0.4950 0.4343
1.1704 0.4950 0.4343
1.1704 0.4950 0.4343
1.1704 0.4950 0.4343
1.1704 0.4950 0.4343
1.1704 0.4950 0.4343
1.1704 0.4950 0.4343
1.1704 0.4950 0.4343
1.1704 0.4950 0.4343
1.1704 0.4950 0.4343
1.1704 0.4950 0.4343
1.1704 0.4950 0.4343
1.1704 0.4950 0.4343
1.1704 0.4950 0.4343
1.1704 0.4950 0.4343
1.1704 0.4950 0.4343
1.1704 0.4950 0.4343
1.1704 0.4950 0.4343
1.1704 0.4950 0.4343
1.1704 0.4950 0.4343
1.1704 0.4950 0.4343
1.1704 0.4950 0.4343
1.1704 0.4950 0.4343
1.1704 0.4950 0.4343
1.1704 0.4950 0.4343
1.1704 0.4950 0.4343
1.1704 0.4950 0.4343
1.1704 0.4950 0.4343
1.1704 0.4950 0.4343
1.1704 0.4950 0.4343
1.1704 0.4950 0.4343
1.1704 0.4950 0.4343
1.1704 0.4950 0.4343
1.1704 0.4950 0.4343
1.1704 0.4950 0.4343
1.1704 0.4950 0.4343
1.1704 0.4950 0.4343
1.1704 0.4950 0.4343
1.1704 0.4950 0.4343
1.1704 0.4950 0.4343
1.1704 0.4950 0.4343
1.1704 0.4950 0.4343
1.1704 0.4950 0.4343
1.1704 0.4950 0.4343
1.1704 0.4950 0.4343
1.1704 0.4950 0.4343
1.1704 0.4950 0.4343
1.1704 0.4950 0.4343
1.1704 0.4950 0.4343
1.1704 0.4950 0.4343
1.1704 0.4950 0.4343
1.1704 0.4950 0.4343
1.1704 0.4950 0.4343
1.1704 0.4950 0.4343
1.1704 0.4950 0.4343
1.1704 0.4950 0.4343
1.1704 0.4950 0.4343
1.1704 0.4950 0.4343
1.1704 0.4950 0.4343
1.1704 0.4950 0.4343
1.1704 0.4950 0.4343
1.1704 0.4950 0.4343
1.1704 0.4950 0.4343
1.1704 0.4950 0.4343
1.1704 0.4950 0.4343
1.1704 0.4950 0.4343
1.1704 0.4950 0.4343
1.1704 0.4950 0.4343
1.1704 0.4950 0.4343
1.1704 0.4950 0.4343
1.1704 0.4950 0.4343
1.1704 0.4950 0.4343
1.1704 0.4950 0.4343
1.1704 0.4950 0.4343
1.1704 0.4950 0.4343
1.1704 0.4950 0.4343
1.1704 0.4950 0.4343
1.1704 0.4950 0.4343
1.1704 0.4950 0.4343
1.1704 0.4950 0.4343
1.1704 0.4950 0.4343
1.1704 0.4950 0.4343
1.1704 0.4950 0.4343
1.1704 0.4950 0.4343
1.1704 0.4950 0.4343
1.1704 0.4950 0.4343
1.1704 0.4950 0.4343
1.1704 0.4950 0.4343
1.1704 0.4950 0.4343
1.1704 0.4950 0.4343
1.1704 0.4950 0.4343
1.1704 0.4950 0.4343
1.1704 0.4950 0.4343
1.1704 0.4950 0.4343
1.1704 0.4950 0.4343
1.1704 0.4950 0.4343
1.1704 0.4950 0.4343
1.1704 0.4950 0.4343
1.1704 0.4950 0.4343
1.1704 0.4950 0.4343
1.1704 0.4950 0.4343
1.1704 0.4950 0.4343
1.1704 0.4950 0.4343
1.1704 0.4950 0.4343
1.1704 0.4950 0.4343
1.1704 0.4950 0.4343
1.1704 0.4950 0.4343
1.1704 0.4950 0.4343
1.1704 0.4950 0.4343
1.1704 0.4950 0.4343
1.1704 0.4950 0.4343
1.1704 0.4950 0.4343
1.1704 0.4950 0.4343
1.1704 0.4950 0.4343
1.1704 0.4950 0.4343
1.1704 0.4950 0.4343
1.1704 0.4950 0.4343
1.1704 0.4950 0.4343
1.1704 0.4950 0.4343
1.1704 0.4950 0.4343
1.1704 0.4950 0.4343
1.1704 0.4950 0.4343
1.1704 0.4950 0.4343
1.1704 0.4950 0.4343
1.1704 0.4950 0.4343
1.1704 0.4950 0.4343
1.1704 0.4950 0.4343
1.1704 0.4950 0.4343
1.1704 0.4950 0.4343
1.1704 0.4950 0.4343
1.1704 0.4950 0.4343
1.1704 0.4950 0.4343
1.1704 0.4950 0.4343
1.1704 0.4950 0.4343
1.1704 0.4950 0.4343
1.1704 0.4950 0.4343
1.1704 0.4950 0.4343
1.1704 0.4950 0.4343
1.1704 0.4950 0.4343
1.1704 0.4950 0.4343
1.1704 0.4950 0.4343
1.1704 0.4950 0.4343
1.1704 0.4950 0.4343
1.1704 0.4950 0.4343
1.1704 0.4950 0.4343
1.1704 0.4950 0.4343
1.1704 0.4950 0.4343
1.1704 0.4950 0.4343
1.1704 0.4950 0.4343
1.1704 0.4950 0.4343
1.1704 0.4950 0.4343
1.1704 0.4950 0.4343
1.1704 0.4950 0.4343
1.1704 0.4950 0.4343
1.1704 0.4950 0.4343
1.1704 0.4950 0.4343
1.1704 0.4950 0.4343
1.1704 0.4950 0.4343
1.1704 0.4950 0.4343
1.1704 0.4950 0.4343
1.1704 0.4950 0.4343
1.1704 0.4950 0.4343
1.1704 0.4950 0.4343
1.1704 0.4950 0.4343
1.1704 0.4950 0.4343
1.1704 0.4950 0.4343
1.1704 0.4950 0.4343
1.1704 0.4950 0.4343
1.1704 0.4950 0.4343
1.1704 0.4950 0.4343
1.1704 0.4950 0.4343
1.1704 0.4950 0.4343
1.1704 0.4950 0.4343
1.1704 0.4950 0.4343
1.1704 0.4950 0.4343
1.1704 0.4950 0.4343
1.1704 0.4950 0.4343
1.1704 0.4950 0.4343
1.1704 0.4950 0.4343
1.1704 0.4950 0.4343
1.1704 0.4950 0.4343
1.1704 0.4950 0.4343
1.1704 0.4950 0.4343
1.1704 0.4950 0.4343
1.1704 0.4950 0.4343
1.1704 0.4950 0.4343
1.1704 0.4950 0.4343
1.1704 0.4950 0.4343
1.1704 0.4950 0.4343
1.1704 0.4950 0.4343
1.1704 0.4950 0.4343
1.1704 0.4950 0.4343
1.1704 0.4950 0.4343
1.1704 0.4950 0.4343
1.1704 0.4950 0.4343
1.1704 0.4950 0.4343
1.1704 0.4950 0.4343
1.1704 0.4950 0.4343
1.1704 0.4950 0.4343
1.1704 0.4950 0.4343
1.1704 0.4950 0.4343
1.1704 0.4950 0.4343
1.1704 0.4950 0.4343
1.1704 0.4950 0.4343
1.1704 0.4950 0.4343
1.1704 0.4950 0.4343
1.1704 0.4950 0.4343
1.1704 0.4950 0.4343
1.1704 0.4950 0.4343
1.1704 0.4950 0.4343
1.1704 0.4950 0.4343
1.1704 0.4950 0.4343
1.1704 0.4950 0.4343
1.1704 0.4950 0.4343
1.1704 0.4950 0.4343
1.1704 0.4950 0.4343
1.1704 0.4950 0.4343
1.1704 0.4950 0.4343
1.1704 0.4950 0.4343
1.1704 0.4950 0.4343
1.1704 0.4950 0.4343
1.1704 0.4950 0.4343
1.1704 0.4950 0.4343
1.1704 0.4950 0.4343
1.1704 0.4950 0.4343
1.1704 0.4950 0.4343
1.1704 0.4950 0.4343
1.1704 0.4950 0.4343
1.1704 0.4950 0.4343
1.1704 0.4950 0.4343
1.1704 0.4950 0.4343
1.1704 0.4950 0.4343
1.1704 0.4950 0.4343
1.1704 0.4950 0.4343
1.1704 0.4950 0.4343
1.1704 0.4950 0.4343
1.1704 0.4950 0.4343
1.1704 0.4950 0.4343
1.1704 0.4950 0.4343
1.1704 0.4950 0.4343
1.1704 0.4950 0.4343
1.1704 0.4950 0.4343
1.1704 0.4950 0.4343
1.1704 0.4950 0.4343
1.1704 0.4950 0.4343
1.1704 0.4950 0.4343
1.1704 0.4950 0.4343
1.1704 0.4950 0.4343
1.1704 0.4950 0.4343
1.1704 0.4950 0.4343
1.1704 0.4950 0.4343
1.1704 0.4950 0.4343
1.1704 0.4950 0.4343
1.1704 0.4950 0.4343
1.1704 0.4950 0.4343
1.1704 0.4950 0.4343
1.1704 0.4950 0.4343
1.1704 0.4950 0.4343
1.1704 0.4950 0.4343
1.1704 0.4950 0.4343
1.1704 0.4950 0.4343
1.1704 0.4950 0.4343
1.1704 0.4950 0.4343
1.1704 0.4950 0.4343
1.1704 0.4950 0.4343
1.1704 0.4950 0.4343
1.1704 0.4950 0.4343
1.1704 0.4950 0.4343
1.1704 0.4950 0.4343
1.1704 0.4950 0.4343
1.1704 0.4950 0.4343
1.1704 0.4950 0.4343
1.1704 0.4950 0.4343
1.1704 0.4950 0.4343
1.1704 0.4950 0.4343
1.1704 0.4950 0.4343
1.1704 0.4950 0.4343
1.1704 0.4950 0.4343
1.1704 0.4950 0.4343
1.1704 0.4950 0.4343
1.1704 0.4950 0.4343
1.1704 0.4950 0.4343
1.1704 0.4950 0.4343
1.1704 0.4950 0.4343
1.1704 0.4950 0.4343
1.1704 0.4950 0.4343
1.1704 0.4950 0.4343
1.1704 0.4950 0.4343
1.1704 0.4950 0.4343
1.1704 0.4950 0.4343
1.1704 0.4950 0.4343
1.1704 0.4950 0.4343
1.1704 0.4950 0.4343
1.1704 0.4950 0.4343
1.1704 0.4950 0.4343
1.1704 0.4950 0.4343
1.1704 0.4950 0.4343
1.1704 0.4950 0.4343
1.1704 0.4950 0.4343
1.1704 0.4950 0.4343
1.1704 0.4950 0.4343
1.1704 0.4950 0.4343
1.1704 0.4950 0.4343
1.1704 0.4950 0.4343
1.1704 0.4950 0.4343
1.1704 0.4950 0.4343
1.1704 0.4950 0.4343
1.1704 0.4950 0.4343
1.1704 0.4950 0.4343
1.1704 0.4950 0.4343
1.1704 0.4950 0.4343
1.1704 0.4950 0.4343
1.1704 0.4950 0.4343
1.1704 0.4950 0.4343
1.1704 0.4950 0.4343
1.1704 0.4950 0.4343
1.1704 0.4950 0.4343
1.1704 0.4950 0.4343
1.1704 0.4950 0.4343
1.1704 0.4950 0.4343
1.1704 0.4950 0.4343
1.1704 0.4950 0.4343
1.1704 0.4950 0.4343
1.1704 0.4950 0.4343
1.1704 0.4950 0.4343
1.1704 0.4950 0.4343
1.1704 0.4950 0.4343
1.1704 0.4950 0.4343
1.1704 0.4950 0.4343
1.1704 0.4950 0.4343
1.1704 0.4950 0.4343
1.1704 0.4950 0.4343
1.1704 0.4950 0.4343
1.1704 0.4950 0.4343
1.1704 0.4950 0.4343
1.1704 0.4950 0.4343
1.1704 0.4950 0.4343
1.1704 0.4950 0.4343
1.1704 0.4950 0.4343
1.1704 0.4950 0.4343
1.1704 0.4950 0.4343
1.1704 0.4950 0.4343
1.1704 0.4950 0.4343
1.1704 0.4950 0.4343
1.1704 0.4950 0.4343
1.1704 0.4950 0.4343
1.1704 0.4950 0.4343
1.1704 0.4950 0.4343
1.1704 0.4950 0.4343
1.1704 0.4950 0.4343