2842
0.9473 0.4550 0.6793
0.9473 0.4550 0.6793
0.9473 0.4550 0.6793
0.9514 0.4500 0.6671
0.9733 0.4750 0.6712
0.9733 0.4750 0.6712
0.9871 0.4567 0.6282
0.9871 0.4567 0.6282
0.9871 0.4567 0.6282
0.9871 0.4567 0.6282
0.9834 0.4433 0.6154
0.9925 0.4433 0.6032
0.9998 0.4567 0.6113
0.9998 0.4567 0.6113
0.9933 0.4433 0.6021
0.9963 0.4367 0.5892
1.0009 0.4383 0.5853
1.0131 0.4283 0.5555
1.0131 0.4283 0.5555
1.0131 0.4283 0.5555
1.0131 0.4283 0.5555
1.0056 0.4100 0.5410
1.0056 0.4100 0.5410
1.0135 0.4167 0.5394
1.0104 0.4100 0.5346
1.0251 0.4317 0.5440
1.0162 0.4017 0.5157
1.0253 0.4133 0.5191
1.0298 0.4183 0.5198
1.0298 0.4183 0.5198
1.0298 0.4183 0.5198
1.0298 0.4183 0.5198
1.0316 0.4067 0.5018
1.0316 0.4067 0.5018
1.0316 0.4067 0.5018
1.0316 0.4067 0.5018
1.0313 0.4033 0.4978
1.0365 0.4100 0.4998
1.0504 0.4300 0.5079
1.0367 0.3983 0.4839
1.0367 0.3983 0.4839
1.0489 0.4100 0.4831
1.0560 0.4217 0.4893
1.0560 0.4217 0.4893
1.0546 0.4150 0.4822
1.0546 0.4150 0.4822
1.0537 0.4117 0.4789
1.0623 0.4150 0.4719
1.0623 0.4150 0.4719
1.0623 0.4150 0.4719
1.0684 0.4150 0.4637
1.0684 0.4150 0.4637
1.0684 0.4150 0.4637
1.0601 0.3900 0.4414
1.0601 0.3900 0.4414
1.0601 0.3900 0.4414
1.0601 0.3900 0.4414
1.0780 0.4250 0.4642
1.0780 0.4250 0.4642
1.0780 0.4250 0.4642
1.0725 0.4083 0.4493
1.0752 0.4067 0.4435
1.0753 0.4050 0.4411
1.0737 0.3950 0.4299
1.0737 0.3950 0.4299
1.0737 0.3950 0.4299
1.0737 0.3950 0.4299
1.0737 0.3950 0.4299
1.0797 0.4000 0.4285
1.0797 0.4000 0.4285
1.0874 0.4133 0.4361
1.0785 0.3900 0.4168
1.0785 0.3900 0.4168
1.0785 0.3900 0.4168
1.0810 0.3883 0.4112
1.0810 0.3883 0.4112
1.0810 0.3883 0.4112
1.0810 0.3883 0.4112
1.0810 0.3883 0.4112
1.0816 0.3867 0.4081
1.0816 0.3867 0.4081
1.0816 0.3867 0.4081
1.0816 0.3867 0.4081
1.0816 0.3867 0.4081
1.0878 0.3950 0.4111
1.0878 0.3950 0.4111
1.0878 0.3950 0.4111
1.0878 0.3950 0.4111
1.0878 0.3950 0.4111
1.0887 0.3933 0.4076
1.0829 0.3817 0.3997
1.0829 0.3817 0.3997
1.0851 0.3833 0.3990
1.0841 0.3800 0.3959
1.0860 0.3833 0.3979
1.0843 0.3800 0.3956
1.0843 0.3800 0.3956
1.0843 0.3800 0.3956
1.0843 0.3800 0.3956
1.0844 0.3800 0.3955
1.0844 0.3800 0.3955
1.0884 0.3867 0.3991
1.0935 0.3900 0.3967
1.0935 0.3900 0.3967
1.0935 0.3900 0.3967
1.0935 0.3900 0.3967
1.0935 0.3900 0.3967
1.0935 0.3900 0.3967
1.0935 0.3900 0.3967
1.0935 0.3900 0.3967
1.0820 0.3633 0.3764
1.0820 0.3633 0.3764
1.0820 0.3633 0.3764
1.0885 0.3750 0.3833
1.0885 0.3750 0.3833
1.1000 0.3967 0.3969
1.1000 0.3967 0.3969
1.1000 0.3967 0.3969
1.1021 0.4000 0.3986
1.1021 0.4000 0.3986
1.0999 0.3950 0.3948
1.0958 0.3833 0.3846
1.0958 0.3833 0.3846
1.0958 0.3833 0.3846
1.0958 0.3833 0.3846
1.0958 0.3833 0.3846
1.0963 0.3817 0.3818
1.0963 0.3817 0.3818
1.0963 0.3817 0.3818
1.0963 0.3817 0.3818
1.0963 0.3817 0.3818
1.0946 0.3783 0.3796
1.0946 0.3783 0.3796
1.0946 0.3783 0.3796
1.0992 0.3867 0.3847
1.0992 0.3867 0.3847
1.0992 0.3867 0.3847
1.0992 0.3867 0.3847
1.1036 0.3917 0.3854
1.1036 0.3917 0.3854
1.1036 0.3917 0.3854
1.1036 0.3917 0.3854
1.1036 0.3917 0.3854
1.1036 0.3917 0.3854
1.1036 0.3917 0.3854
1.1036 0.3917 0.3854
1.1048 0.3933 0.3861
1.1048 0.3933 0.3861
1.1050 0.3917 0.3836
1.0976 0.3767 0.3733
1.0976 0.3767 0.3733
1.0976 0.3767 0.3733
1.0976 0.3767 0.3733
1.1051 0.3917 0.3834
1.1058 0.3917 0.3825
1.1058 0.3917 0.3825
1.1081 0.3950 0.3839
1.1081 0.3950 0.3839
1.1081 0.3950 0.3839
1.1081 0.3950 0.3839
1.1081 0.3950 0.3839
1.1093 0.3950 0.3822
1.1093 0.3950 0.3822
1.1093 0.3950 0.3822
1.1111 0.3983 0.3843
1.1111 0.3983 0.3843
1.1111 0.3983 0.3843
1.1111 0.3983 0.3843
1.1111 0.3983 0.3843
1.1114 0.3983 0.3839
1.1114 0.3983 0.3839
1.1114 0.3983 0.3839
1.1083 0.3917 0.3791
1.1083 0.3917 0.3791
1.1083 0.3917 0.3791
1.1083 0.3917 0.3791
1.1083 0.3917 0.3791
1.1101 0.3950 0.3812
1.1101 0.3950 0.3812
1.1101 0.3950 0.3812
1.1129 0.4000 0.3841
1.1129 0.4000 0.3841
1.1129 0.4000 0.3841
1.1129 0.4000 0.3841
1.1088 0.3917 0.3785
1.1095 0.3917 0.3775
1.1095 0.3917 0.3775
1.1095 0.3917 0.3775
1.1095 0.3917 0.3775
1.1142 0.4000 0.3823
1.1142 0.4000 0.3823
1.1142 0.4000 0.3823
1.1142 0.4000 0.3823
1.1142 0.4000 0.3823
1.1142 0.4000 0.3823
1.1142 0.4000 0.3823
1.1126 0.3967 0.3800
1.1125 0.3950 0.3780
1.1125 0.3950 0.3780
1.1125 0.3950 0.3780
1.1188 0.4067 0.3851
1.1188 0.4067 0.3851
1.1188 0.4067 0.3851
1.1188 0.4067 0.3851
1.1188 0.4067 0.3851
1.1188 0.4067 0.3851
1.1188 0.4067 0.3851
1.1188 0.4067 0.3851
1.1188 0.4067 0.3851
1.1188 0.4067 0.3851
1.1188 0.4067 0.3851
1.1188 0.4067 0.3851
1.1159 0.3983 0.3779
1.1159 0.3983 0.3779
1.1203 0.4050 0.3809
1.1203 0.4050 0.3809
1.1203 0.4050 0.3809
1.1203 0.4050 0.3809
1.1203 0.4050 0.3809
1.1203 0.4050 0.3809
1.1203 0.4050 0.3809
1.1203 0.4050 0.3809
1.1203 0.4050 0.3809
1.1203 0.4050 0.3809
1.1203 0.4050 0.3809
1.1203 0.4050 0.3809
1.1203 0.4050 0.3809
1.1203 0.4050 0.3809
1.1203 0.4050 0.3809
1.1203 0.4050 0.3809
1.1203 0.4050 0.3809
1.1203 0.4050 0.3809
1.1203 0.4050 0.3809
1.1203 0.4050 0.3809
1.1233 0.4083 0.3814
1.1233 0.4083 0.3814
1.1233 0.4083 0.3814
1.1233 0.4083 0.3814
1.1233 0.4083 0.3814
1.1233 0.4083 0.3814
1.1233 0.4083 0.3814
1.1233 0.4083 0.3814
1.1233 0.4083 0.3814
1.1233 0.4083 0.3814
1.1233 0.4083 0.3814
1.1233 0.4083 0.3814
1.1293 0.4183 0.3868
1.1293 0.4183 0.3868
1.1293 0.4183 0.3868
1.1313 0.4183 0.3840
1.1313 0.4183 0.3840
1.1313 0.4183 0.3840
1.1313 0.4183 0.3840
1.1313 0.4183 0.3840
1.1313 0.4183 0.3840
1.1313 0.4183 0.3840
1.1313 0.4183 0.3840
1.1321 0.4183 0.3830
1.1321 0.4183 0.3830
1.1374 0.4283 0.3893
1.1374 0.4283 0.3893
1.1374 0.4283 0.3893
1.1374 0.4283 0.3893
1.1374 0.4283 0.3893
1.1374 0.4283 0.3893
1.1374 0.4283 0.3893
1.1334 0.4183 0.3813
1.1334 0.4183 0.3813
1.1334 0.4183 0.3813
1.1334 0.4183 0.3813
1.1334 0.4183 0.3813
1.1333 0.4167 0.3791
1.1333 0.4167 0.3791
1.1333 0.4167 0.3791
1.1333 0.4167 0.3791
1.1333 0.4167 0.3791
1.1333 0.4167 0.3791
1.1333 0.4167 0.3791
1.1343 0.4183 0.3800
1.1343 0.4183 0.3800
1.1343 0.4183 0.3800
1.1343 0.4183 0.3800
1.1343 0.4183 0.3800
1.1343 0.4183 0.3800
1.1393 0.4267 0.3844
1.1393 0.4267 0.3844
1.1356 0.4183 0.3783
1.1356 0.4183 0.3783
1.1356 0.4183 0.3783
1.1356 0.4183 0.3783
1.1356 0.4183 0.3783
1.1356 0.4183 0.3783
1.1356 0.4183 0.3783
1.1356 0.4183 0.3783
1.1356 0.4183 0.3783
1.1356 0.4183 0.3783
1.1356 0.4183 0.3783
1.1356 0.4183 0.3783
1.1356 0.4183 0.3783
1.1356 0.4183 0.3783
1.1351 0.4167 0.3768
1.1351 0.4167 0.3768
1.1351 0.4167 0.3768
1.1416 0.4283 0.3837
1.1416 0.4283 0.3837
1.1416 0.4283 0.3837
1.1416 0.4283 0.3837
1.1416 0.4283 0.3837
1.1416 0.4283 0.3837
1.1416 0.4283 0.3837
1.1416 0.4283 0.3837
1.1416 0.4283 0.3837
1.1350 0.4150 0.3746
1.1403 0.4233 0.3787
1.1403 0.4233 0.3787
1.1403 0.4233 0.3787
1.1403 0.4233 0.3787
1.1403 0.4233 0.3787
1.1403 0.4233 0.3787
1.1403 0.4233 0.3787
1.1403 0.4233 0.3787
1.1403 0.4233 0.3787
1.1403 0.4233 0.3787
1.1403 0.4233 0.3787
1.1402 0.4217 0.3766
1.1402 0.4217 0.3766
1.1402 0.4217 0.3766
1.1402 0.4217 0.3766
1.1402 0.4217 0.3766
1.1402 0.4217 0.3766
1.1402 0.4217 0.3766
1.1402 0.4217 0.3766
1.1402 0.4217 0.3766
1.1402 0.4217 0.3766
1.1402 0.4217 0.3766
1.1402 0.4217 0.3766
1.1402 0.4217 0.3766
1.1402 0.4217 0.3766
1.1410 0.4233 0.3777
1.1410 0.4233 0.3777
1.1410 0.4233 0.3777
1.1410 0.4233 0.3777
1.1402 0.4217 0.3766
1.1402 0.4217 0.3766
1.1402 0.4217 0.3766
1.1402 0.4217 0.3766
1.1402 0.4217 0.3766
1.1402 0.4217 0.3766
1.1402 0.4217 0.3766
1.1402 0.4217 0.3766
1.1402 0.4217 0.3766
1.1407 0.4217 0.3759
1.1407 0.4217 0.3759
1.1407 0.4217 0.3759
1.1407 0.4217 0.3759
1.1407 0.4217 0.3759
1.1407 0.4217 0.3759
1.1409 0.4217 0.3757
1.1409 0.4217 0.3757
1.1409 0.4217 0.3757
1.1409 0.4217 0.3757
1.1409 0.4217 0.3757
1.1409 0.4217 0.3757
1.1409 0.4217 0.3757
1.1409 0.4217 0.3757
1.1409 0.4217 0.3757
1.1409 0.4217 0.3757
1.1409 0.4217 0.3757
1.1409 0.4217 0.3757
1.1398 0.4183 0.3727
1.1398 0.4183 0.3727
1.1398 0.4183 0.3727
1.1398 0.4183 0.3727
1.1398 0.4183 0.3727
1.1398 0.4183 0.3727
1.1398 0.4183 0.3727
1.1398 0.4183 0.3727
1.1398 0.4183 0.3727
1.1398 0.4183 0.3727
1.1398 0.4183 0.3727
1.1398 0.4183 0.3727
1.1399 0.4183 0.3726
1.1399 0.4183 0.3726
1.1399 0.4183 0.3726
1.1399 0.4183 0.3726
1.1399 0.4183 0.3726
1.1399 0.4183 0.3726
1.1406 0.4183 0.3716
1.1406 0.4183 0.3716
1.1406 0.4183 0.3716
1.1406 0.4183 0.3716
1.1406 0.4183 0.3716
1.1406 0.4183 0.3716
1.1406 0.4183 0.3716
1.1406 0.4183 0.3716
1.1406 0.4183 0.3716
1.1406 0.4183 0.3716
1.1406 0.4183 0.3716
1.1406 0.4183 0.3716
1.1406 0.4183 0.3716
1.1406 0.4183 0.3716
1.1406 0.4183 0.3716
1.1406 0.4183 0.3716
1.1406 0.4183 0.3716
1.1406 0.4183 0.3716
1.1406 0.4183 0.3716
1.1406 0.4183 0.3716
1.1406 0.4183 0.3716
1.1406 0.4183 0.3716
1.1435 0.4233 0.3745
1.1435 0.4233 0.3745
1.1435 0.4233 0.3745
1.1435 0.4233 0.3745
1.1435 0.4233 0.3745
1.1435 0.4233 0.3745
1.1435 0.4233 0.3745
1.1435 0.4233 0.3745
1.1435 0.4233 0.3745
1.1435 0.4233 0.3745
1.1435 0.4233 0.3745
1.1435 0.4233 0.3745
1.1435 0.4233 0.3745
1.1435 0.4233 0.3745
1.1435 0.4233 0.3745
1.1453 0.4267 0.3764
1.1413 0.4183 0.3706
1.1413 0.4183 0.3706
1.1413 0.4183 0.3706
1.1413 0.4183 0.3706
1.1413 0.4183 0.3706
1.1413 0.4183 0.3706
1.1413 0.4183 0.3706
1.1413 0.4183 0.3706
1.1452 0.4250 0.3743
1.1452 0.4250 0.3743
1.1452 0.4250 0.3743
1.1452 0.4250 0.3743
1.1452 0.4250 0.3743
1.1452 0.4250 0.3743
1.1452 0.4250 0.3743
1.1452 0.4250 0.3743
1.1452 0.4250 0.3743
1.1452 0.4250 0.3743
1.1452 0.4250 0.3743
1.1452 0.4250 0.3743
1.1452 0.4250 0.3743
1.1452 0.4250 0.3743
1.1452 0.4250 0.3743
1.1452 0.4250 0.3743
1.1452 0.4250 0.3743
1.1452 0.4250 0.3743
1.1452 0.4250 0.3743
1.1452 0.4250 0.3743
1.1452 0.4250 0.3743
1.1452 0.4250 0.3743
1.1452 0.4250 0.3743
1.1452 0.4250 0.3743
1.1452 0.4250 0.3743
1.1452 0.4250 0.3743
1.1452 0.4250 0.3743
1.1431 0.4200 0.3705
1.1431 0.4200 0.3705
1.1431 0.4200 0.3705
1.1431 0.4200 0.3705
1.1431 0.4200 0.3705
1.1431 0.4200 0.3705
1.1431 0.4200 0.3705
1.1458 0.4250 0.3736
1.1458 0.4250 0.3736
1.1458 0.4250 0.3736
1.1458 0.4250 0.3736
1.1458 0.4250 0.3736
1.1458 0.4250 0.3736
1.1458 0.4250 0.3736
1.1458 0.4250 0.3736
1.1458 0.4250 0.3736
1.1458 0.4250 0.3736
1.1458 0.4250 0.3736
1.1458 0.4250 0.3736
1.1458 0.4250 0.3736
1.1458 0.4250 0.3736
1.1458 0.4250 0.3736
1.1458 0.4250 0.3736
1.1436 0.4200 0.3698
1.1436 0.4200 0.3698
1.1436 0.4200 0.3698
1.1436 0.4200 0.3698
1.1436 0.4200 0.3698
1.1436 0.4200 0.3698
1.1436 0.4200 0.3698
1.1436 0.4200 0.3698
1.1436 0.4200 0.3698
1.1436 0.4200 0.3698
1.1436 0.4200 0.3698
1.1436 0.4200 0.3698
1.1436 0.4200 0.3698
1.1436 0.4200 0.3698
1.1436 0.4200 0.3698
1.1436 0.4200 0.3698
1.1436 0.4200 0.3698
1.1437 0.4200 0.3696
1.1437 0.4200 0.3696
1.1437 0.4200 0.3696
1.1437 0.4200 0.3696
1.1437 0.4200 0.3696
1.1437 0.4200 0.3696
1.1437 0.4200 0.3696
1.1437 0.4200 0.3696
1.1437 0.4200 0.3696
1.1437 0.4200 0.3696
1.1437 0.4200 0.3696
1.1437 0.4200 0.3696
1.1437 0.4200 0.3696
1.1437 0.4200 0.3696
1.1437 0.4200 0.3696
1.1438 0.4200 0.3695
1.1438 0.4200 0.3695
1.1438 0.4200 0.3695
1.1438 0.4200 0.3695
1.1438 0.4200 0.3695
1.1438 0.4200 0.3695
1.1438 0.4200 0.3695
1.1440 0.4200 0.3693
1.1440 0.4200 0.3693
1.1440 0.4200 0.3693
1.1440 0.4200 0.3693
1.1440 0.4200 0.3693
1.1440 0.4200 0.3693
1.1440 0.4200 0.3693
1.1440 0.4200 0.3693
1.1440 0.4200 0.3693
1.1440 0.4200 0.3693
1.1440 0.4200 0.3693
1.1440 0.4200 0.3693
1.1440 0.4200 0.3693
1.1440 0.4200 0.3693
1.1440 0.4200 0.3693
1.1440 0.4200 0.3693
1.1440 0.4200 0.3693
1.1440 0.4200 0.3693
1.1440 0.4200 0.3693
1.1440 0.4200 0.3693
1.1440 0.4200 0.3693
1.1440 0.4200 0.3693
1.1454 0.4200 0.3674
1.1454 0.4200 0.3674
1.1454 0.4200 0.3674
1.1454 0.4200 0.3674
1.1454 0.4200 0.3674
1.1454 0.4200 0.3674
1.1454 0.4200 0.3674
1.1454 0.4200 0.3674
1.1454 0.4200 0.3674
1.1454 0.4200 0.3674
1.1454 0.4200 0.3674
1.1454 0.4200 0.3674
1.1454 0.4200 0.3674
1.1454 0.4200 0.3674
1.1454 0.4200 0.3674
1.1454 0.4200 0.3674
1.1454 0.4200 0.3674
1.1454 0.4200 0.3674
1.1454 0.4200 0.3674
1.1454 0.4200 0.3674
1.1454 0.4200 0.3674
1.1454 0.4200 0.3674
1.1454 0.4200 0.3674
1.1454 0.4200 0.3674
1.1452 0.4183 0.3654
1.1452 0.4183 0.3654
1.1452 0.4183 0.3654
1.1452 0.4183 0.3654
1.1452 0.4183 0.3654
1.1452 0.4183 0.3654
1.1452 0.4183 0.3654
1.1452 0.4183 0.3654
1.1452 0.4183 0.3654
1.1452 0.4183 0.3654
1.1452 0.4183 0.3654
1.1452 0.4183 0.3654
1.1452 0.4183 0.3654
1.1452 0.4183 0.3654
1.1454 0.4183 0.3651
1.1454 0.4183 0.3651
1.1454 0.4183 0.3651
1.1454 0.4183 0.3651
1.1454 0.4183 0.3651
1.1454 0.4183 0.3651
1.1456 0.4183 0.3649
1.1456 0.4183 0.3649
1.1456 0.4183 0.3649
1.1456 0.4183 0.3649
1.1456 0.4183 0.3649
1.1456 0.4183 0.3649
1.1456 0.4183 0.3649
1.1458 0.4183 0.3647
1.1458 0.4183 0.3647
1.1458 0.4183 0.3647
1.1458 0.4183 0.3647
1.1458 0.4183 0.3647
1.1458 0.4183 0.3646
1.1458 0.4183 0.3646
1.1458 0.4183 0.3646
1.1459 0.4183 0.3645
1.1459 0.4183 0.3645
1.1459 0.4183 0.3645
1.1459 0.4183 0.3645
1.1459 0.4183 0.3645
1.1459 0.4183 0.3645
1.1459 0.4183 0.3645
1.1459 0.4183 0.3645
1.1459 0.4183 0.3645
1.1459 0.4183 0.3645
1.1459 0.4183 0.3645
1.1459 0.4183 0.3645
1.1465 0.4183 0.3637
1.1465 0.4183 0.3637
1.1465 0.4183 0.3637
1.1465 0.4183 0.3637
1.1465 0.4183 0.3637
1.1465 0.4183 0.3637
1.1465 0.4183 0.3637
1.1465 0.4183 0.3637
1.1465 0.4183 0.3637
1.1465 0.4183 0.3637
1.1465 0.4183 0.3637
1.1466 0.4183 0.3636
1.1466 0.4183 0.3636
1.1466 0.4183 0.3636
1.1466 0.4183 0.3636
1.1466 0.4183 0.3636
1.1466 0.4183 0.3636
1.1466 0.4183 0.3636
1.1466 0.4183 0.3636
1.1466 0.4183 0.3636
1.1466 0.4183 0.3636
1.1466 0.4183 0.3636
1.1466 0.4183 0.3636
1.1466 0.4183 0.3636
1.1466 0.4183 0.3636
1.1466 0.4183 0.3636
1.1466 0.4183 0.3636
1.1466 0.4183 0.3636
1.1466 0.4183 0.3636
1.1466 0.4183 0.3636
1.1466 0.4183 0.3636
1.1466 0.4183 0.3636
1.1466 0.4183 0.3636
1.1466 0.4183 0.3636
1.1466 0.4183 0.3636
1.1466 0.4183 0.3636
1.1466 0.4183 0.3636
1.1474 0.4200 0.3647
1.1474 0.4200 0.3647
1.1474 0.4200 0.3647
1.1474 0.4200 0.3647
1.1474 0.4200 0.3647
1.1474 0.4200 0.3647
1.1474 0.4200 0.3647
1.1474 0.4200 0.3647
1.1474 0.4200 0.3647
1.1474 0.4200 0.3647
1.1474 0.4200 0.3647
1.1474 0.4200 0.3647
1.1474 0.4200 0.3647
1.1474 0.4200 0.3647
1.1474 0.4200 0.3647
1.1474 0.4200 0.3647
1.1474 0.4200 0.3647
1.1474 0.4200 0.3647
1.1474 0.4200 0.3647
1.1474 0.4200 0.3647
1.1474 0.4200 0.3647
1.1474 0.4200 0.3647
1.1474 0.4200 0.3647
1.1474 0.4200 0.3647
1.1474 0.4200 0.3647
1.1474 0.4200 0.3647
1.1474 0.4200 0.3647
1.1474 0.4200 0.3647
1.1474 0.4200 0.3647
1.1474 0.4200 0.3647
1.1474 0.4200 0.3647
1.1474 0.4200 0.3647
1.1474 0.4200 0.3647
1.1474 0.4200 0.3647
1.1474 0.4200 0.3647
1.1474 0.4200 0.3647
1.1474 0.4200 0.3647
1.1474 0.4200 0.3647
1.1474 0.4200 0.3647
1.1474 0.4200 0.3647
1.1492 0.4200 0.3623
1.1492 0.4200 0.3623
1.1492 0.4200 0.3623
1.1492 0.4200 0.3623
1.1492 0.4200 0.3623
1.1492 0.4200 0.3623
1.1492 0.4200 0.3623
1.1492 0.4200 0.3623
1.1492 0.4200 0.3623
1.1492 0.4200 0.3623
1.1492 0.4200 0.3623
1.1492 0.4200 0.3623
1.1492 0.4200 0.3623
1.1492 0.4200 0.3623
1.1492 0.4200 0.3623
1.1492 0.4200 0.3623
1.1492 0.4200 0.3623
1.1492 0.4200 0.3623
1.1492 0.4200 0.3623
1.1492 0.4200 0.3623
1.1492 0.4200 0.3623
1.1492 0.4200 0.3623
1.1492 0.4200 0.3623
1.1492 0.4200 0.3623
1.1492 0.4200 0.3623
1.1492 0.4200 0.3623
1.1492 0.4200 0.3623
1.1492 0.4200 0.3623
1.1492 0.4200 0.3623
1.1509 0.4217 0.3622
1.1509 0.4217 0.3622
1.1509 0.4217 0.3622
1.1509 0.4217 0.3622
1.1509 0.4217 0.3622
1.1509 0.4217 0.3622
1.1509 0.4217 0.3622
1.1509 0.4217 0.3622
1.1509 0.4217 0.3622
1.1509 0.4217 0.3622
1.1509 0.4217 0.3622
1.1509 0.4217 0.3622
1.1509 0.4217 0.3622
1.1509 0.4217 0.3622
1.1509 0.4217 0.3622
1.1509 0.4217 0.3622
1.1509 0.4217 0.3622
1.1509 0.4217 0.3622
1.1509 0.4217 0.3622
1.1509 0.4217 0.3622
1.1509 0.4217 0.3622
1.1509 0.4217 0.3622
1.1509 0.4217 0.3622
1.1509 0.4217 0.3622
1.1509 0.4217 0.3622
1.1509 0.4217 0.3622
1.1509 0.4217 0.3622
1.1509 0.4217 0.3622
1.1509 0.4217 0.3622
1.1509 0.4217 0.3622
1.1509 0.4217 0.3622
1.1509 0.4217 0.3622
1.1509 0.4217 0.3622
1.1509 0.4217 0.3622
1.1509 0.4217 0.3622
1.1509 0.4217 0.3622
1.1509 0.4217 0.3622
1.1509 0.4217 0.3622
1.1509 0.4217 0.3622
1.1509 0.4217 0.3622
1.1509 0.4217 0.3622
1.1509 0.4217 0.3622
1.1509 0.4217 0.3622
1.1509 0.4217 0.3622
1.1509 0.4217 0.3622
1.1509 0.4217 0.3622
1.1509 0.4217 0.3622
1.1509 0.4217 0.3622
1.1509 0.4217 0.3622
1.1509 0.4217 0.3622
1.1509 0.4217 0.3622
1.1509 0.4217 0.3622
1.1509 0.4217 0.3622
1.1509 0.4217 0.3622
1.1509 0.4217 0.3622
1.1509 0.4217 0.3622
1.1509 0.4217 0.3622
1.1509 0.4217 0.3622
1.1512 0.4217 0.3618
1.1512 0.4217 0.3618
1.1512 0.4217 0.3618
1.1512 0.4217 0.3618
1.1512 0.4217 0.3618
1.1512 0.4217 0.3618
1.1512 0.4217 0.3618
1.1554 0.4283 0.3652
1.1554 0.4283 0.3652
1.1554 0.4283 0.3652
1.1554 0.4283 0.3652
1.1554 0.4283 0.3652
1.1554 0.4283 0.3652
1.1554 0.4283 0.3652
1.1554 0.4283 0.3652
1.1554 0.4283 0.3652
1.1554 0.4283 0.3652
1.1554 0.4283 0.3652
1.1554 0.4283 0.3652
1.1554 0.4283 0.3652
1.1554 0.4283 0.3652
1.1554 0.4283 0.3652
1.1554 0.4283 0.3652
1.1554 0.4283 0.3652
1.1554 0.4283 0.3652
1.1554 0.4283 0.3652
1.1554 0.4283 0.3652
1.1554 0.4283 0.3652
1.1554 0.4283 0.3652
1.1554 0.4283 0.3652
1.1554 0.4283 0.3652
1.1554 0.4283 0.3652
1.1554 0.4283 0.3652
1.1554 0.4283 0.3652
1.1554 0.4283 0.3652
1.1556 0.4283 0.3648
1.1556 0.4283 0.3648
1.1556 0.4283 0.3648
1.1556 0.4283 0.3648
1.1556 0.4283 0.3648
1.1556 0.4283 0.3648
1.1556 0.4283 0.3648
1.1556 0.4283 0.3648
1.1556 0.4283 0.3648
1.1556 0.4283 0.3648
1.1556 0.4283 0.3648
1.1556 0.4283 0.3648
1.1556 0.4283 0.3648
1.1556 0.4283 0.3648
1.1556 0.4283 0.3648
1.1556 0.4283 0.3648
1.1556 0.4283 0.3648
1.1556 0.4283 0.3648
1.1556 0.4283 0.3648
1.1556 0.4283 0.3648
1.1556 0.4283 0.3648
1.1556 0.4283 0.3648
1.1556 0.4283 0.3648
1.1556 0.4283 0.3648
1.1556 0.4283 0.3648
1.1556 0.4283 0.3648
1.1556 0.4283 0.3648
1.1556 0.4283 0.3648
1.1556 0.4283 0.3648
1.1556 0.4283 0.3648
1.1556 0.4283 0.3648
1.1556 0.4283 0.3648
1.1556 0.4283 0.3648
1.1556 0.4283 0.3648
1.1556 0.4283 0.3648
1.1556 0.4283 0.3648
1.1556 0.4283 0.3648
1.1556 0.4283 0.3648
1.1556 0.4283 0.3648
1.1556 0.4283 0.3648
1.1556 0.4283 0.3648
1.1556 0.4283 0.3648
1.1556 0.4283 0.3648
1.1556 0.4283 0.3648
1.1556 0.4283 0.3648
1.1556 0.4283 0.3648
1.1556 0.4283 0.3648
1.1556 0.4283 0.3648
1.1556 0.4283 0.3648
1.1556 0.4283 0.3648
1.1556 0.4283 0.3648
1.1556 0.4283 0.3648
1.1556 0.4283 0.3648
1.1556 0.4283 0.3648
1.1556 0.4283 0.3648
1.1556 0.4283 0.3648
1.1556 0.4283 0.3648
1.1556 0.4283 0.3648
1.1556 0.4283 0.3648
1.1556 0.4283 0.3648
1.1556 0.4283 0.3648
1.1556 0.4283 0.3648
1.1556 0.4283 0.3648
1.1556 0.4283 0.3648
1.1556 0.4283 0.3648
1.1556 0.4283 0.3648
1.1556 0.4283 0.3648
1.1556 0.4283 0.3648
1.1556 0.4283 0.3648
1.1556 0.4283 0.3648
1.1556 0.4283 0.3648
1.1556 0.4283 0.3648
1.1556 0.4283 0.3648
1.1556 0.4283 0.3648
1.1556 0.4283 0.3648
1.1556 0.4283 0.3648
1.1556 0.4283 0.3648
1.1556 0.4283 0.3648
1.1557 0.4283 0.3648
1.1557 0.4283 0.3648
1.1557 0.4283 0.3648
1.1557 0.4283 0.3648
1.1557 0.4283 0.3648
1.1557 0.4283 0.3648
1.1557 0.4283 0.3648
1.1557 0.4283 0.3648
1.1557 0.4283 0.3648
1.1556 0.4267 0.3626
1.1556 0.4267 0.3626
1.1556 0.4267 0.3626
1.1556 0.4267 0.3626
1.1556 0.4267 0.3626
1.1556 0.4267 0.3626
1.1556 0.4267 0.3626
1.1556 0.4267 0.3626
1.1556 0.4267 0.3626
1.1556 0.4267 0.3626
1.1556 0.4267 0.3626
1.1556 0.4267 0.3626
1.1556 0.4267 0.3626
1.1556 0.4267 0.3626
1.1556 0.4267 0.3626
1.1556 0.4267 0.3626
1.1556 0.4267 0.3626
1.1556 0.4267 0.3626
1.1556 0.4267 0.3626
1.1556 0.4267 0.3626
1.1556 0.4267 0.3626
1.1556 0.4267 0.3626
1.1556 0.4267 0.3626
1.1556 0.4267 0.3626
1.1556 0.4267 0.3626
1.1556 0.4267 0.3626
1.1556 0.4267 0.3626
1.1556 0.4267 0.3626
1.1556 0.4267 0.3626
1.1556 0.4267 0.3626
1.1556 0.4267 0.3626
1.1556 0.4267 0.3626
1.1556 0.4267 0.3626
1.1556 0.4267 0.3626
1.1556 0.4267 0.3626
1.1556 0.4267 0.3626
1.1556 0.4267 0.3626
1.1556 0.4267 0.3626
1.1556 0.4267 0.3626
1.1556 0.4267 0.3626
1.1556 0.4267 0.3626
1.1556 0.4267 0.3626
1.1556 0.4267 0.3626
1.1556 0.4267 0.3626
1.1556 0.4267 0.3626
1.1556 0.4267 0.3626
1.1556 0.4267 0.3626
1.1556 0.4267 0.3626
1.1556 0.4267 0.3626
1.1556 0.4267 0.3626
1.1556 0.4267 0.3626
1.1556 0.4267 0.3626
1.1556 0.4267 0.3626
1.1556 0.4267 0.3626
1.1556 0.4267 0.3626
1.1556 0.4267 0.3626
1.1556 0.4267 0.3626
1.1556 0.4267 0.3626
1.1556 0.4267 0.3626
1.1556 0.4267 0.3626
1.1556 0.4267 0.3626
1.1556 0.4267 0.3626
1.1556 0.4267 0.3626
1.1556 0.4267 0.3626
1.1556 0.4267 0.3626
1.1556 0.4267 0.3626
1.1556 0.4267 0.3626
1.1556 0.4267 0.3626
1.1556 0.4267 0.3626
1.1556 0.4267 0.3626
1.1556 0.4267 0.3626
1.1556 0.4267 0.3626
1.1556 0.4267 0.3626
1.1556 0.4267 0.3626
1.1556 0.4267 0.3626
1.1556 0.4267 0.3626
1.1556 0.4267 0.3626
1.1556 0.4267 0.3626
1.1556 0.4267 0.3626
1.1556 0.4267 0.3626
1.1556 0.4267 0.3626
1.1556 0.4267 0.3626
1.1556 0.4267 0.3626
1.1556 0.4267 0.3626
1.1556 0.4267 0.3626
1.1556 0.4267 0.3626
1.1556 0.4267 0.3626
1.1556 0.4267 0.3626
1.1556 0.4267 0.3626
1.1556 0.4267 0.3626
1.1556 0.4267 0.3626
1.1556 0.4267 0.3626
1.1556 0.4267 0.3626
1.1556 0.4267 0.3626
1.1556 0.4267 0.3626
1.1556 0.4267 0.3626
1.1556 0.4267 0.3626
1.1556 0.4267 0.3626
1.1556 0.4267 0.3626
1.1556 0.4267 0.3626
1.1556 0.4267 0.3626
1.1556 0.4267 0.3626
1.1556 0.4267 0.3626
1.1556 0.4267 0.3626
1.1556 0.4267 0.3626
1.1556 0.4267 0.3626
1.1556 0.4267 0.3626
1.1556 0.4267 0.3626
1.1556 0.4267 0.3626
1.1556 0.4267 0.3626
1.1556 0.4267 0.3626
1.1556 0.4267 0.3626
1.1556 0.4267 0.3626
1.1556 0.4267 0.3626
1.1556 0.4267 0.3626
1.1556 0.4267 0.3626
1.1556 0.4267 0.3626
1.1556 0.4267 0.3626
1.1556 0.4267 0.3626
1.1556 0.4267 0.3626
1.1556 0.4267 0.3626
1.1556 0.4267 0.3626
1.1556 0.4267 0.3626
1.1556 0.4267 0.3626
1.1556 0.4267 0.3626
1.1556 0.4267 0.3626
1.1556 0.4267 0.3626
1.1556 0.4267 0.3626
1.1556 0.4267 0.3626
1.1556 0.4267 0.3626
1.1556 0.4267 0.3626
1.1556 0.4267 0.3626
1.1556 0.4267 0.3626
1.1556 0.4267 0.3626
1.1556 0.4267 0.3626
1.1556 0.4267 0.3626
1.1556 0.4267 0.3626
1.1556 0.4267 0.3626
1.1556 0.4267 0.3626
1.1556 0.4267 0.3626
1.1556 0.4267 0.3626
1.1556 0.4267 0.3626
1.1556 0.4267 0.3626
1.1556 0.4267 0.3626
1.1556 0.4267 0.3626
1.1556 0.4267 0.3626
1.1556 0.4267 0.3626
1.1556 0.4267 0.3626
1.1556 0.4267 0.3626
1.1556 0.4267 0.3626
1.1556 0.4267 0.3626
1.1556 0.4267 0.3626
1.1556 0.4267 0.3626
1.1556 0.4267 0.3626
1.1556 0.4267 0.3626
1.1556 0.4267 0.3626
1.1556 0.4267 0.3626
1.1556 0.4267 0.3626
1.1556 0.4267 0.3626
1.1556 0.4267 0.3626
1.1556 0.4267 0.3626
1.1556 0.4267 0.3626
1.1556 0.4267 0.3626
1.1556 0.4267 0.3626
1.1556 0.4267 0.3626
1.1556 0.4267 0.3626
1.1556 0.4267 0.3626
1.1556 0.4267 0.3626
1.1556 0.4267 0.3626
1.1556 0.4267 0.3626
1.1556 0.4267 0.3626
1.1556 0.4267 0.3626
1.1556 0.4267 0.3626
1.1556 0.4267 0.3626
1.1556 0.4267 0.3626
1.1556 0.4267 0.3626
1.1556 0.4267 0.3626
1.1556 0.4267 0.3626
1.1556 0.4267 0.3626
1.1556 0.4267 0.3626
1.1556 0.4267 0.3626
1.1556 0.4267 0.3626
1.1556 0.4267 0.3626
1.1556 0.4267 0.3626
1.1558 0.4267 0.3623
1.1558 0.4267 0.3623
1.1558 0.4267 0.3623
1.1558 0.4267 0.3623
1.1558 0.4267 0.3623
1.1558 0.4267 0.3623
1.1558 0.4267 0.3623
1.1558 0.4267 0.3623
1.1558 0.4267 0.3623
1.1558 0.4267 0.3623
1.1558 0.4267 0.3623
1.1558 0.4267 0.3623
1.1558 0.4267 0.3623
1.1561 0.4267 0.3620
1.1561 0.4267 0.3620
1.1561 0.4267 0.3620
1.1561 0.4267 0.3620
1.1561 0.4267 0.3620
1.1561 0.4267 0.3620
1.1561 0.4267 0.3620
1.1561 0.4267 0.3620
1.1561 0.4267 0.3620
1.1561 0.4267 0.3620
1.1561 0.4267 0.3620
1.1561 0.4267 0.3620
1.1561 0.4267 0.3620
1.1561 0.4267 0.3620
1.1561 0.4267 0.3620
1.1561 0.4267 0.3620
1.1561 0.4267 0.3620
1.1561 0.4267 0.3620
1.1561 0.4267 0.3620
1.1561 0.4267 0.3620
1.1561 0.4267 0.3620
1.1561 0.4267 0.3620
1.1561 0.4267 0.3620
1.1561 0.4267 0.3620
1.1561 0.4267 0.3620
1.1561 0.4267 0.3620
1.1561 0.4267 0.3620
1.1561 0.4267 0.3620
1.1561 0.4267 0.3620
1.1561 0.4267 0.3620
1.1561 0.4267 0.3620
1.1561 0.4267 0.3620
1.1561 0.4267 0.3620
1.1561 0.4267 0.3620
1.1561 0.4267 0.3620
1.1561 0.4267 0.3620
1.1561 0.4267 0.3620
1.1561 0.4267 0.3620
1.1561 0.4267 0.3620
1.1561 0.4267 0.3620
1.1561 0.4267 0.3620
1.1561 0.4267 0.3620
1.1561 0.4267 0.3620
1.1561 0.4267 0.3620
1.1561 0.4267 0.3620
1.1561 0.4267 0.3620
1.1561 0.4267 0.3620
1.1561 0.4267 0.3620
1.1561 0.4267 0.3620
1.1561 0.4267 0.3620
1.1561 0.4267 0.3620
1.1561 0.4267 0.3620
1.1561 0.4267 0.3620
1.1561 0.4267 0.3620
1.1561 0.4267 0.3620
1.1561 0.4267 0.3620
1.1561 0.4267 0.3620
1.1561 0.4267 0.3620
1.1561 0.4267 0.3620
1.1561 0.4267 0.3620
1.1561 0.4267 0.3620
1.1561 0.4267 0.3620
1.1561 0.4267 0.3620
1.1561 0.4267 0.3620
1.1561 0.4267 0.3620
1.1561 0.4267 0.3620
1.1561 0.4267 0.3620
1.1561 0.4267 0.3620
1.1561 0.4267 0.3620
1.1561 0.4267 0.3620
1.1561 0.4267 0.3620
1.1561 0.4267 0.3620
1.1561 0.4267 0.3620
1.1561 0.4267 0.3620
1.1561 0.4267 0.3620
1.1561 0.4267 0.3620
1.1561 0.4267 0.3620
1.1561 0.4267 0.3620
1.1561 0.4267 0.3620
1.1561 0.4267 0.3620
1.1561 0.4267 0.3620
1.1561 0.4267 0.3620
1.1561 0.4267 0.3620
1.1561 0.4267 0.3620
1.1561 0.4267 0.3620
1.1561 0.4267 0.3620
1.1561 0.4267 0.3620
1.1561 0.4267 0.3620
1.1561 0.4267 0.3620
1.1561 0.4267 0.3620
1.1561 0.4267 0.3620
1.1561 0.4267 0.3620
1.1561 0.4267 0.3620
1.1561 0.4267 0.3620
1.1561 0.4267 0.3620
1.1561 0.4267 0.3620
1.1561 0.4267 0.3620
1.1561 0.4267 0.3620
1.1561 0.4267 0.3620
1.1561 0.4267 0.3620
1.1561 0.4267 0.3620
1.1561 0.4267 0.3620
1.1561 0.4267 0.3620
1.1561 0.4267 0.3620
1.1561 0.4267 0.3620
1.1561 0.4267 0.3620
1.1561 0.4267 0.3620
1.1561 0.4267 0.3620
1.1561 0.4267 0.3620
1.1561 0.4267 0.3620
1.1561 0.4267 0.3620
1.1561 0.4267 0.3620
1.1561 0.4267 0.3620
1.1561 0.4267 0.3620
1.1561 0.4267 0.3620
1.1561 0.4267 0.3620
1.1561 0.4267 0.3620
1.1561 0.4267 0.3620
1.1561 0.4267 0.3620
1.1561 0.4267 0.3620
1.1561 0.4267 0.3620
1.1561 0.4267 0.3620
1.1561 0.4267 0.3620
1.1561 0.4267 0.3620
1.1561 0.4267 0.3620
1.1561 0.4267 0.3620
1.1561 0.4267 0.3620
1.1561 0.4267 0.3620
1.1561 0.4267 0.3620
1.1561 0.4267 0.3620
1.1561 0.4267 0.3620
1.1561 0.4267 0.3620
1.1561 0.4267 0.3620
1.1561 0.4267 0.3620
1.1561 0.4267 0.3620
1.1561 0.4267 0.3620
1.1561 0.4267 0.3620
1.1561 0.4267 0.3620
1.1561 0.4267 0.3620
1.1561 0.4267 0.3620
1.1561 0.4267 0.3620
1.1561 0.4267 0.3620
1.1561 0.4267 0.3620
1.1561 0.4267 0.3620
1.1561 0.4267 0.3620
1.1561 0.4267 0.3620
1.1561 0.4267 0.3620
1.1561 0.4267 0.3620
1.1561 0.4267 0.3620
1.1561 0.4267 0.3620
1.1561 0.4267 0.3620
1.1561 0.4267 0.3620
1.1561 0.4267 0.3620
1.1561 0.4267 0.3620
1.1561 0.4267 0.3620
1.1561 0.4267 0.3620
1.1561 0.4267 0.3620
1.1561 0.4267 0.3620
1.1561 0.4267 0.3620
1.1561 0.4267 0.3620
1.1561 0.4267 0.3620
1.1561 0.4267 0.3620
1.1561 0.4267 0.3620
1.1561 0.4267 0.3620
1.1561 0.4267 0.3620
1.1561 0.4267 0.3620
1.1561 0.4267 0.3620
1.1561 0.4267 0.3620
1.1561 0.4267 0.3620
1.1561 0.4267 0.3620
1.1561 0.4267 0.3620
1.1556 0.4250 0.3605
1.1556 0.4250 0.3605
1.1556 0.4250 0.3605
1.1556 0.4250 0.3605
1.1556 0.4250 0.3605
1.1556 0.4250 0.3605
1.1556 0.4250 0.3605
1.1556 0.4250 0.3605
1.1556 0.4250 0.3605
1.1556 0.4250 0.3605
1.1556 0.4250 0.3605
1.1556 0.4250 0.3605
1.1556 0.4250 0.3605
1.1548 0.4233 0.3593
1.1548 0.4233 0.3593
1.1548 0.4233 0.3593
1.1548 0.4233 0.3593
1.1548 0.4233 0.3593
1.1548 0.4233 0.3593
1.1548 0.4233 0.3593
1.1548 0.4233 0.3593
1.1548 0.4233 0.3593
1.1548 0.4233 0.3593
1.1556 0.4250 0.3604
1.1556 0.4250 0.3604
1.1556 0.4250 0.3604
1.1556 0.4250 0.3604
1.1556 0.4250 0.3604
1.1556 0.4250 0.3604
1.1548 0.4233 0.3593
1.1548 0.4233 0.3593
1.1548 0.4233 0.3593
1.1548 0.4233 0.3593
1.1548 0.4233 0.3593
1.1548 0.4233 0.3593
1.1548 0.4233 0.3593
1.1548 0.4233 0.3593
1.1548 0.4233 0.3593
1.1548 0.4233 0.3593
1.1548 0.4233 0.3593
1.1548 0.4233 0.3593
1.1548 0.4233 0.3593
1.1548 0.4233 0.3593
1.1548 0.4233 0.3593
1.1548 0.4233 0.3593
1.1548 0.4233 0.3593
1.1548 0.4233 0.3593
1.1548 0.4233 0.3593
1.1548 0.4233 0.3593
1.1548 0.4233 0.3593
1.1548 0.4233 0.3593
1.1548 0.4233 0.3593
1.1548 0.4233 0.3593
1.1548 0.4233 0.3593
1.1548 0.4233 0.3593
1.1548 0.4233 0.3593
1.1548 0.4233 0.3593
1.1548 0.4233 0.3593
1.1548 0.4233 0.3593
1.1548 0.4233 0.3593
1.1548 0.4233 0.3593
1.1548 0.4233 0.3593
1.1548 0.4233 0.3593
1.1548 0.4233 0.3593
1.1548 0.4233 0.3593
1.1548 0.4233 0.3593
1.1548 0.4233 0.3593
1.1548 0.4233 0.3593
1.1548 0.4233 0.3593
1.1548 0.4233 0.3593
1.1548 0.4233 0.3593
1.1548 0.4233 0.3593
1.1548 0.4233 0.3593
1.1548 0.4233 0.3593
1.1548 0.4233 0.3593
1.1548 0.4233 0.3593
1.1548 0.4233 0.3593
1.1548 0.4233 0.3593
1.1548 0.4233 0.3593
1.1548 0.4233 0.3593
1.1548 0.4233 0.3593
1.1548 0.4233 0.3593
1.1548 0.4233 0.3593
1.1548 0.4233 0.3593
1.1548 0.4233 0.3593
1.1548 0.4233 0.3593
1.1548 0.4233 0.3593
1.1548 0.4233 0.3593
1.1548 0.4233 0.3593
1.1548 0.4233 0.3593
1.1548 0.4233 0.3593
1.1548 0.4233 0.3593
1.1548 0.4233 0.3593
1.1548 0.4233 0.3593
1.1548 0.4233 0.3593
1.1548 0.4233 0.3593
1.1548 0.4233 0.3593
1.1548 0.4233 0.3593
1.1548 0.4233 0.3593
1.1548 0.4233 0.3593
1.1548 0.4233 0.3593
1.1548 0.4233 0.3593
1.1548 0.4233 0.3593
1.1548 0.4233 0.3593
1.1548 0.4233 0.3593
1.1548 0.4233 0.3593
1.1548 0.4233 0.3593
1.1548 0.4233 0.3593
1.1548 0.4233 0.3593
1.1548 0.4233 0.3593
1.1548 0.4233 0.3593
1.1548 0.4233 0.3593
1.1548 0.4233 0.3593
1.1548 0.4233 0.3593
1.1548 0.4233 0.3593
1.1548 0.4233 0.3593
1.1548 0.4233 0.3593
1.1548 0.4233 0.3593
1.1548 0.4233 0.3593
1.1548 0.4233 0.3593
1.1548 0.4233 0.3593
1.1548 0.4233 0.3593
1.1548 0.4233 0.3593
1.1548 0.4233 0.3593
1.1548 0.4233 0.3593
1.1548 0.4233 0.3593
1.1548 0.4233 0.3593
1.1548 0.4233 0.3593
1.1548 0.4233 0.3593
1.1548 0.4233 0.3593
1.1548 0.4233 0.3593
1.1548 0.4233 0.3593
1.1548 0.4233 0.3593
1.1548 0.4233 0.3593
1.1548 0.4233 0.3593
1.1548 0.4233 0.3593
1.1548 0.4233 0.3593
1.1548 0.4233 0.3593
1.1548 0.4233 0.3593
1.1548 0.4233 0.3593
1.1548 0.4233 0.3593
1.1548 0.4233 0.3593
1.1548 0.4233 0.3593
1.1548 0.4233 0.3593
1.1548 0.4233 0.3593
1.1548 0.4233 0.3593
1.1548 0.4233 0.3593
1.1548 0.4233 0.3593
1.1548 0.4233 0.3593
1.1548 0.4233 0.3593
1.1548 0.4233 0.3593
1.1548 0.4233 0.3593
1.1548 0.4233 0.3593
1.1548 0.4233 0.3593
1.1548 0.4233 0.3593
1.1548 0.4233 0.3593
1.1548 0.4233 0.3593
1.1548 0.4233 0.3593
1.1548 0.4233 0.3593
1.1548 0.4233 0.3593
1.1548 0.4233 0.3593
1.1548 0.4233 0.3593
1.1548 0.4233 0.3593
1.1548 0.4233 0.3593
1.1548 0.4233 0.3593
1.1548 0.4233 0.3593
1.1548 0.4233 0.3593
1.1548 0.4233 0.3593
1.1548 0.4233 0.3593
1.1548 0.4233 0.3593
1.1548 0.4233 0.3593
1.1548 0.4233 0.3593
1.1548 0.4233 0.3593
1.1548 0.4233 0.3593
1.1548 0.4233 0.3593
1.1548 0.4233 0.3593
1.1548 0.4233 0.3593
1.1548 0.4233 0.3593
1.1548 0.4233 0.3593
1.1548 0.4233 0.3593
1.1548 0.4233 0.3593
1.1548 0.4233 0.3593
1.1548 0.4233 0.3593
1.1548 0.4233 0.3593
1.1548 0.4233 0.3593
1.1548 0.4233 0.3593
1.1548 0.4233 0.3593
1.1548 0.4233 0.3593
1.1548 0.4233 0.3593
1.1548 0.4233 0.3593
1.1548 0.4233 0.3593
1.1548 0.4233 0.3593
1.1548 0.4233 0.3593
1.1548 0.4233 0.3593
1.1548 0.4233 0.3593
1.1548 0.4233 0.3593
1.1548 0.4233 0.3593
1.1548 0.4233 0.3593
1.1548 0.4233 0.3593
1.1548 0.4233 0.3593
1.1548 0.4233 0.3593
1.1548 0.4233 0.3593
1.1548 0.4233 0.3593
1.1548 0.4233 0.3593
1.1548 0.4233 0.3593
1.1548 0.4233 0.3593
1.1548 0.4233 0.3593
1.1548 0.4233 0.3593
1.1548 0.4233 0.3593
1.1548 0.4233 0.3593
1.1548 0.4233 0.3593
1.1548 0.4233 0.3593
1.1548 0.4233 0.3593
1.1548 0.4233 0.3593
1.1548 0.4233 0.3593
1.1548 0.4233 0.3593
1.1548 0.4233 0.3593
1.1548 0.4233 0.3593
1.1548 0.4233 0.3593
1.1548 0.4233 0.3593
1.1548 0.4233 0.3593
1.1548 0.4233 0.3593
1.1548 0.4233 0.3593
1.1548 0.4233 0.3593
1.1548 0.4233 0.3593
1.1548 0.4233 0.3593
1.1548 0.4233 0.3593
1.1548 0.4233 0.3593
1.1548 0.4233 0.3593
1.1548 0.4233 0.3593
1.1548 0.4233 0.3593
1.1548 0.4233 0.3593
1.1548 0.4233 0.3593
1.1548 0.4233 0.3593
1.1548 0.4233 0.3593
1.1548 0.4233 0.3593
1.1548 0.4233 0.3593
1.1548 0.4233 0.3593
1.1548 0.4233 0.3593
1.1548 0.4233 0.3593
1.1548 0.4233 0.3593
1.1548 0.4233 0.3593
1.1548 0.4233 0.3593
1.1548 0.4233 0.3593
1.1548 0.4233 0.3593
1.1548 0.4233 0.3593
1.1548 0.4233 0.3593
1.1548 0.4233 0.3593
1.1548 0.4233 0.3593
1.1548 0.4233 0.3593
1.1548 0.4233 0.3593
1.1548 0.4233 0.3593
1.1548 0.4233 0.3593
1.1548 0.4233 0.3593
1.1548 0.4233 0.3593
1.1548 0.4233 0.3593
1.1548 0.4233 0.3593
1.1548 0.4233 0.3593
1.1548 0.4233 0.3593
1.1548 0.4233 0.3593
1.1548 0.4233 0.3593
1.1548 0.4233 0.3593
1.1548 0.4233 0.3593
1.1548 0.4233 0.3593
1.1548 0.4233 0.3593
1.1548 0.4233 0.3593
1.1548 0.4233 0.3593
1.1548 0.4233 0.3593
1.1548 0.4233 0.3593
1.1548 0.4233 0.3593
1.1548 0.4233 0.3593
1.1548 0.4233 0.3593
1.1548 0.4233 0.3593
1.1548 0.4233 0.3593
1.1548 0.4233 0.3593
1.1548 0.4233 0.3593
1.1548 0.4233 0.3593
1.1548 0.4233 0.3593
1.1548 0.4233 0.3593
1.1548 0.4233 0.3593
1.1548 0.4233 0.3593
1.1548 0.4233 0.3593
1.1548 0.4233 0.3593
1.1548 0.4233 0.3593
1.1548 0.4233 0.3593
1.1548 0.4233 0.3593
1.1548 0.4233 0.3593
1.1548 0.4233 0.3593
1.1548 0.4233 0.3593
1.1548 0.4233 0.3593
1.1548 0.4233 0.3593
1.1548 0.4233 0.3593
1.1548 0.4233 0.3593
1.1548 0.4233 0.3593
1.1548 0.4233 0.3593
1.1548 0.4233 0.3593
1.1548 0.4233 0.3593
1.1548 0.4233 0.3593
1.1548 0.4233 0.3593
1.1548 0.4233 0.3593
1.1548 0.4233 0.3593
1.1548 0.4233 0.3593
1.1548 0.4233 0.3593
1.1548 0.4233 0.3593
1.1548 0.4233 0.3593
1.1548 0.4233 0.3593
1.1548 0.4233 0.3593
1.1548 0.4233 0.3593
1.1548 0.4233 0.3593
1.1548 0.4233 0.3593
1.1548 0.4233 0.3593
1.1548 0.4233 0.3593
1.1548 0.4233 0.3593
1.1548 0.4233 0.3593
1.1548 0.4233 0.3593
1.1548 0.4233 0.3593
1.1548 0.4233 0.3593
1.1548 0.4233 0.3593
1.1548 0.4233 0.3593
1.1548 0.4233 0.3593
1.1548 0.4233 0.3593
1.1548 0.4233 0.3593
1.1548 0.4233 0.3593
1.1548 0.4233 0.3593
1.1548 0.4233 0.3593
1.1548 0.4233 0.3593
1.1548 0.4233 0.3593
1.1548 0.4233 0.3593
1.1548 0.4233 0.3593
1.1548 0.4233 0.3593
1.1548 0.4233 0.3593
1.1548 0.4233 0.3593
1.1548 0.4233 0.3593
1.1548 0.4233 0.3593
1.1548 0.4233 0.3593
1.1548 0.4233 0.3593
1.1548 0.4233 0.3593
1.1548 0.4233 0.3593
1.1548 0.4233 0.3593
1.1548 0.4233 0.3593
1.1548 0.4233 0.3593
1.1548 0.4233 0.3593
1.1548 0.4233 0.3593
1.1548 0.4233 0.3593
1.1548 0.4233 0.3593
1.1548 0.4233 0.3593
1.1548 0.4233 0.3593
1.1548 0.4233 0.3593
1.1548 0.4233 0.3593
1.1548 0.4233 0.3593
1.1548 0.4233 0.3593
1.1548 0.4233 0.3593
1.1548 0.4233 0.3593
1.1548 0.4233 0.3593
1.1548 0.4233 0.3593
1.1548 0.4233 0.3593
1.1548 0.4233 0.3593
1.1548 0.4233 0.3593
1.1548 0.4233 0.3593
1.1548 0.4233 0.3593
1.1548 0.4233 0.3593
1.1548 0.4233 0.3593
1.1548 0.4233 0.3593
1.1548 0.4233 0.3593
1.1548 0.4233 0.3593
1.1548 0.4233 0.3593
1.1548 0.4233 0.3593
1.1548 0.4233 0.3593
1.1548 0.4233 0.3593
1.1548 0.4233 0.3593
1.1548 0.4233 0.3593
1.1548 0.4233 0.3593
1.1548 0.4233 0.3593
1.1548 0.4233 0.3593
1.1548 0.4233 0.3593
1.1548 0.4233 0.3593
1.1548 0.4233 0.3593
1.1548 0.4233 0.3593
1.1548 0.4233 0.3593
1.1548 0.4233 0.3593
1.1548 0.4233 0.3593
1.1548 0.4233 0.3593
1.1548 0.4233 0.3593
1.1548 0.4233 0.3593
1.1548 0.4233 0.3593
1.1548 0.4233 0.3593
1.1548 0.4233 0.3593
1.1548 0.4233 0.3593
1.1548 0.4233 0.3593
1.1548 0.4233 0.3593
1.1548 0.4233 0.3593
1.1548 0.4233 0.3593
1.1548 0.4233 0.3593
1.1548 0.4233 0.3593
1.1548 0.4233 0.3593
1.1548 0.4233 0.3593
1.1548 0.4233 0.3593
1.1548 0.4233 0.3593
1.1548 0.4233 0.3593
1.1548 0.4233 0.3593
1.1548 0.4233 0.3593
1.1548 0.4233 0.3593
1.1548 0.4233 0.3593
1.1548 0.4233 0.3593
1.1548 0.4233 0.3593
1.1548 0.4233 0.3593
1.1548 0.4233 0.3593
1.1548 0.4233 0.3593
1.1548 0.4233 0.3593
1.1548 0.4233 0.3593
1.1548 0.4233 0.3593
1.1548 0.4233 0.3593
1.1548 0.4233 0.3593
1.1548 0.4233 0.3593
1.1548 0.4233 0.3593
1.1548 0.4233 0.3593
1.1548 0.4233 0.3593
1.1548 0.4233 0.3593
1.1548 0.4233 0.3593
1.1548 0.4233 0.3593
1.1548 0.4233 0.3593
1.1548 0.4233 0.3593
1.1548 0.4233 0.3593
1.1548 0.4233 0.3593
1.1548 0.4233 0.3593
1.1548 0.4233 0.3593
1.1548 0.4233 0.3593
1.1548 0.4233 0.3593
1.1548 0.4233 0.3593
1.1548 0.4233 0.3593
1.1548 0.4233 0.3593
1.1548 0.4233 0.3593
1.1548 0.4233 0.3593
1.1548 0.4233 0.3593
1.1548 0.4233 0.3593
1.1548 0.4233 0.3593
1.1548 0.4233 0.3593
1.1548 0.4233 0.3593
1.1548 0.4233 0.3593
1.1548 0.4233 0.3593
1.1548 0.4233 0.3593
1.1548 0.4233 0.3593
1.1548 0.4233 0.3593
1.1548 0.4233 0.3593
1.1548 0.4233 0.3593
1.1548 0.4233 0.3593
1.1548 0.4233 0.3593
1.1548 0.4233 0.3593
1.1548 0.4233 0.3593
1.1548 0.4233 0.3593
1.1548 0.4233 0.3593
1.1548 0.4233 0.3593
1.1548 0.4233 0.3593
1.1548 0.4233 0.3593
1.1548 0.4233 0.3593
1.1548 0.4233 0.3593
1.1548 0.4233 0.3593
1.1548 0.4233 0.3593
1.1548 0.4233 0.3593
1.1548 0.4233 0.3593
1.1548 0.4233 0.3593
1.1548 0.4233 0.3593
1.1548 0.4233 0.3593
1.1548 0.4233 0.3593
1.1548 0.4233 0.3593
1.1548 0.4233 0.3593
1.1548 0.4233 0.3593
1.1548 0.4233 0.3593
1.1548 0.4233 0.3593
1.1548 0.4233 0.3593
1.1548 0.4233 0.3593
1.1548 0.4233 0.3593
1.1548 0.4233 0.3593
1.1548 0.4233 0.3593
1.1548 0.4233 0.3593
1.1548 0.4233 0.3593
1.1548 0.4233 0.3593
1.1548 0.4233 0.3593
1.1548 0.4233 0.3593
1.1548 0.4233 0.3593
1.1548 0.4233 0.3593
1.1548 0.4233 0.3593
1.1548 0.4233 0.3593
1.1548 0.4233 0.3593
1.1548 0.4233 0.3593
1.1548 0.4233 0.3593
1.1548 0.4233 0.3593
1.1548 0.4233 0.3593
1.1548 0.4233 0.3593
1.1548 0.4233 0.3593
1.1548 0.4233 0.3593
1.1548 0.4233 0.3593
1.1548 0.4233 0.3593
1.1548 0.4233 0.3593
1.1548 0.4233 0.3593
1.1548 0.4233 0.3593
1.1548 0.4233 0.3593
1.1548 0.4233 0.3593
1.1548 0.4233 0.3593
1.1548 0.4233 0.3593
1.1548 0.4233 0.3593
1.1548 0.4233 0.3593
1.1548 0.4233 0.3593
1.1548 0.4233 0.3593
1.1548 0.4233 0.3593
1.1548 0.4233 0.3593
1.1548 0.4233 0.3593
1.1548 0.4233 0.3593
1.1548 0.4233 0.3593
1.1548 0.4233 0.3593
1.1548 0.4233 0.3593
1.1548 0.4233 0.3593
1.1548 0.4233 0.3593
1.1548 0.4233 0.3593
1.1548 0.4233 0.3593
1.1548 0.4233 0.3593
1.1548 0.4233 0.3593
1.1548 0.4233 0.3593
1.1548 0.4233 0.3593
1.1548 0.4233 0.3593
1.1548 0.4233 0.3593
1.1548 0.4233 0.3593
1.1548 0.4233 0.3593
1.1548 0.4233 0.3593
1.1548 0.4233 0.3593
1.1548 0.4233 0.3593
1.1548 0.4233 0.3593
1.1548 0.4233 0.3593
1.1548 0.4233 0.3593
1.1548 0.4233 0.3593
1.1548 0.4233 0.3593
1.1548 0.4233 0.3593
1.1548 0.4233 0.3593
1.1548 0.4233 0.3593
1.1548 0.4233 0.3593
1.1548 0.4233 0.3593
1.1548 0.4233 0.3593
1.1548 0.4233 0.3593
1.1548 0.4233 0.3593
1.1548 0.4233 0.3593
1.1548 0.4233 0.3593
1.1548 0.4233 0.3593
1.1548 0.4233 0.3593
1.1548 0.4233 0.3593
1.1548 0.4233 0.3593
1.1548 0.4233 0.3593
1.1548 0.4233 0.3593
1.1548 0.4233 0.3593
1.1548 0.4233 0.3593
1.1548 0.4233 0.3593
1.1548 0.4233 0.3593
1.1548 0.4233 0.3593
1.1548 0.4233 0.3593
1.1548 0.4233 0.3593
1.1548 0.4233 0.3593
1.1548 0.4233 0.3593
1.1548 0.4233 0.3593
1.1548 0.4233 0.3593
1.1548 0.4233 0.3593
1.1548 0.4233 0.3593
1.1548 0.4233 0.3593
1.1548 0.4233 0.3593
1.1548 0.4233 0.3593
1.1548 0.4233 0.3593
1.1548 0.4233 0.3593
1.1548 0.4233 0.3593
1.1548 0.4233 0.3593
1.1548 0.4233 0.3593
1.1548 0.4233 0.3593
1.1548 0.4233 0.3593
1.1548 0.4233 0.3593
1.1548 0.4233 0.3593
1.1548 0.4233 0.3593
1.1548 0.4233 0.3593
1.1548 0.4233 0.3593
1.1548 0.4233 0.3593
1.1548 0.4233 0.3593
1.1548 0.4233 0.3593
1.1548 0.4233 0.3593
1.1548 0.4233 0.3593
1.1548 0.4233 0.3593
1.1548 0.4233 0.3593
1.1548 0.4233 0.3593
1.1548 0.4233 0.3593
1.1548 0.4233 0.3593
1.1548 0.4233 0.3593
1.1548 0.4233 0.3593
1.1548 0.4233 0.3593
1.1548 0.4233 0.3593
1.1548 0.4233 0.3593
1.1548 0.4233 0.3593
1.1548 0.4233 0.3593
1.1548 0.4233 0.3593
1.1548 0.4233 0.3593
1.1548 0.4233 0.3593
1.1548 0.4233 0.3593
1.1548 0.4233 0.3593
1.1548 0.4233 0.3593
1.1548 0.4233 0.3593
1.1548 0.4233 0.3593
1.1548 0.4233 0.3593
1.1548 0.4233 0.3593
1.1548 0.4233 0.3593
1.1548 0.4233 0.3593
1.1548 0.4233 0.3593
1.1548 0.4233 0.3593
1.1548 0.4233 0.3593
1.1548 0.4233 0.3593
1.1548 0.4233 0.3593
1.1548 0.4233 0.3593
1.1548 0.4233 0.3593
1.1548 0.4233 0.3593
1.1548 0.4233 0.3593
1.1548 0.4233 0.3593
1.1548 0.4233 0.3593
1.1548 0.4233 0.3593
1.1548 0.4233 0.3593
1.1548 0.4233 0.3593
1.1548 0.4233 0.3593
1.1548 0.4233 0.3593
1.1548 0.4233 0.3593
1.1548 0.4233 0.3593
1.1548 0.4233 0.3593
1.1548 0.4233 0.3593
1.1548 0.4233 0.3593
1.1548 0.4233 0.3593
1.1548 0.4233 0.3593
1.1548 0.4233 0.3593
1.1548 0.4233 0.3593
1.1548 0.4233 0.3593
1.1548 0.4233 0.3593
1.1548 0.4233 0.3593
1.1548 0.4233 0.3593
1.1548 0.4233 0.3593
1.1548 0.4233 0.3593
1.1548 0.4233 0.3593
1.1548 0.4233 0.3593
1.1548 0.4233 0.3593
1.1548 0.4233 0.3593
1.1548 0.4233 0.3593
1.1548 0.4233 0.3593
1.1548 0.4233 0.3593
1.1548 0.4233 0.3593
1.1548 0.4233 0.3593
1.1548 0.4233 0.3593
1.1548 0.4233 0.3593
1.1548 0.4233 0.3593
1.1548 0.4233 0.3593
1.1548 0.4233 0.3593
1.1548 0.4233 0.3593
1.1548 0.4233 0.3593
1.1548 0.4233 0.3593
1.1548 0.4233 0.3593
1.1548 0.4233 0.3593
1.1548 0.4233 0.3593
1.1548 0.4233 0.3593
1.1548 0.4233 0.3593
1.1548 0.4233 0.3593
1.1548 0.4233 0.3593
1.1548 0.4233 0.3593
1.1548 0.4233 0.3593
1.1548 0.4233 0.3593
1.1548 0.4233 0.3593
1.1548 0.4233 0.3593
1.1548 0.4233 0.3593
1.1548 0.4233 0.3593
1.1548 0.4233 0.3593
1.1548 0.4233 0.3593
1.1548 0.4233 0.3593
1.1548 0.4233 0.3593
1.1548 0.4233 0.3593
1.1548 0.4233 0.3593
1.1548 0.4233 0.3593
1.1548 0.4233 0.3593
1.1548 0.4233 0.3593
1.1548 0.4233 0.3593
1.1548 0.4233 0.3593
1.1548 0.4233 0.3593
1.1548 0.4233 0.3593
1.1548 0.4233 0.3593
1.1548 0.4233 0.3593
1.1548 0.4233 0.3593
1.1548 0.4233 0.3593
1.1548 0.4233 0.3593
1.1548 0.4233 0.3593
1.1548 0.4233 0.3593
1.1548 0.4233 0.3593
1.1548 0.4233 0.3593
1.1548 0.4233 0.3593
1.1548 0.4233 0.3593
1.1548 0.4233 0.3593
1.1548 0.4233 0.3593
1.1548 0.4233 0.3593
1.1548 0.4233 0.3593
1.1548 0.4233 0.3593
1.1548 0.4233 0.3593
1.1548 0.4233 0.3593
1.1548 0.4233 0.3593
1.1548 0.4233 0.3593
1.1548 0.4233 0.3593
1.1548 0.4233 0.3593
1.1548 0.4233 0.3593
1.1548 0.4233 0.3593
1.1548 0.4233 0.3593
1.1548 0.4233 0.3593
1.1548 0.4233 0.3593
1.1548 0.4233 0.3593
1.1548 0.4233 0.3593
1.1548 0.4233 0.3593
1.1548 0.4233 0.3593
1.1548 0.4233 0.3593
1.1548 0.4233 0.3593
1.1548 0.4233 0.3593
1.1548 0.4233 0.3593
1.1548 0.4233 0.3593
1.1548 0.4233 0.3593
1.1548 0.4233 0.3593
1.1548 0.4233 0.3593
1.1548 0.4233 0.3593
1.1548 0.4233 0.3593
1.1548 0.4233 0.3593
1.1548 0.4233 0.3593
1.1548 0.4233 0.3593
1.1548 0.4233 0.3593
1.1548 0.4233 0.3593
1.1548 0.4233 0.3593
1.1548 0.4233 0.3593
1.1548 0.4233 0.3593
1.1548 0.4233 0.3593
1.1548 0.4233 0.3593
1.1548 0.4233 0.3593
1.1548 0.4233 0.3593
1.1548 0.4233 0.3593
1.1548 0.4233 0.3593
1.1548 0.4233 0.3593
1.1548 0.4233 0.3593
1.1548 0.4233 0.3593
1.1548 0.4233 0.3593
1.1548 0.4233 0.3593
1.1548 0.4233 0.3593
1.1548 0.4233 0.3593
1.1548 0.4233 0.3593
1.1548 0.4233 0.3593
1.1548 0.4233 0.3593
1.1548 0.4233 0.3593
1.1548 0.4233 0.3593
1.1548 0.4233 0.3593
1.1548 0.4233 0.3593
1.1548 0.4233 0.3593
1.1548 0.4233 0.3593
1.1548 0.4233 0.3593
1.1548 0.4233 0.3593
1.1548 0.4233 0.3593
1.1548 0.4233 0.3593
1.1548 0.4233 0.3593
1.1548 0.4233 0.3593
1.1548 0.4233 0.3593
1.1548 0.4233 0.3593
1.1548 0.4233 0.3593
1.1548 0.4233 0.3593
1.1548 0.4233 0.3593
1.1548 0.4233 0.3593
1.1548 0.4233 0.3593
1.1548 0.4233 0.3593
1.1548 0.4233 0.3593
1.1548 0.4233 0.3593
1.1548 0.4233 0.3593
1.1548 0.4233 0.3593
1.1548 0.4233 0.3593
1.1548 0.4233 0.3593
1.1548 0.4233 0.3593
1.1548 0.4233 0.3593
1.1548 0.4233 0.3593
1.1549 0.4233 0.3591
1.1549 0.4233 0.3591
1.1549 0.4233 0.3591
1.1549 0.4233 0.3591
1.1549 0.4233 0.3591
1.1549 0.4233 0.3591
1.1549 0.4233 0.3591
1.1549 0.4233 0.3591
1.1549 0.4233 0.3591
1.1549 0.4233 0.3591
1.1549 0.4233 0.3591
1.1549 0.4233 0.3591
1.1549 0.4233 0.3591
1.1549 0.4233 0.3591
1.1549 0.4233 0.3591
1.1549 0.4233 0.3591
1.1549 0.4233 0.3591
1.1549 0.4233 0.3591
1.1549 0.4233 0.3591
1.1549 0.4233 0.3591
1.1549 0.4233 0.3591
1.1549 0.4233 0.3591
1.1549 0.4233 0.3591
1.1549 0.4233 0.3591
1.1549 0.4233 0.3591
1.1549 0.4233 0.3591
1.1549 0.4233 0.3591
1.1549 0.4233 0.3591
1.1549 0.4233 0.3591
1.1549 0.4233 0.3591
1.1549 0.4233 0.3591
1.1549 0.4233 0.3591
1.1549 0.4233 0.3591
1.1549 0.4233 0.3591
1.1549 0.4233 0.3591
1.1549 0.4233 0.3591
1.1549 0.4233 0.3591
1.1549 0.4233 0.3591
1.1549 0.4233 0.3591
1.1549 0.4233 0.3591
1.1549 0.4233 0.3591
1.1549 0.4233 0.3591
1.1549 0.4233 0.3591
1.1549 0.4233 0.3591
1.1549 0.4233 0.3591
1.1549 0.4233 0.3591
1.1549 0.4233 0.3591
1.1549 0.4233 0.3591
1.1549 0.4233 0.3591
1.1549 0.4233 0.3591
1.1549 0.4233 0.3591
1.1549 0.4233 0.3591
1.1549 0.4233 0.3591
1.1549 0.4233 0.3591
1.1549 0.4233 0.3591
1.1549 0.4233 0.3591
1.1549 0.4233 0.3591
1.1549 0.4233 0.3591
1.1549 0.4233 0.3591
1.1549 0.4233 0.3591
1.1549 0.4233 0.3591
1.1549 0.4233 0.3591
1.1549 0.4233 0.3591
1.1549 0.4233 0.3591
1.1549 0.4233 0.3591
1.1549 0.4233 0.3591
1.1549 0.4233 0.3591
1.1549 0.4233 0.3591
1.1549 0.4233 0.3591
1.1549 0.4233 0.3591
1.1549 0.4233 0.3591
1.1549 0.4233 0.3591
1.1549 0.4233 0.3591
1.1549 0.4233 0.3591
1.1549 0.4233 0.3591
1.1549 0.4233 0.3591
1.1549 0.4233 0.3591
1.1549 0.4233 0.3591
1.1549 0.4233 0.3591
1.1549 0.4233 0.3591
1.1549 0.4233 0.3591
1.1549 0.4233 0.3591
1.1549 0.4233 0.3591
1.1549 0.4233 0.3591
1.1549 0.4233 0.3591
1.1549 0.4233 0.3591
1.1549 0.4233 0.3591
1.1549 0.4233 0.3591
1.1549 0.4233 0.3591
1.1549 0.4233 0.3591
1.1549 0.4233 0.3591
1.1549 0.4233 0.3591
1.1549 0.4233 0.3591
1.1549 0.4233 0.3591
1.1549 0.4233 0.3591
1.1549 0.4233 0.3591
1.1549 0.4233 0.3591
1.1549 0.4233 0.3591
1.1549 0.4233 0.3591
1.1549 0.4233 0.3591
1.1549 0.4233 0.3591
1.1549 0.4233 0.3591
1.1549 0.4233 0.3591
1.1549 0.4233 0.3591
1.1549 0.4233 0.3591
1.1549 0.4233 0.3591
1.1549 0.4233 0.3591
1.1549 0.4233 0.3591
1.1549 0.4233 0.3591
1.1549 0.4233 0.3591
1.1549 0.4233 0.3591
1.1549 0.4233 0.3591
1.1549 0.4233 0.3591
1.1549 0.4233 0.3591
1.1549 0.4233 0.3591
1.1549 0.4233 0.3591
1.1549 0.4233 0.3591
1.1549 0.4233 0.3591
1.1549 0.4233 0.3591
1.1549 0.4233 0.3591
1.1549 0.4233 0.3591
1.1549 0.4233 0.3591
1.1549 0.4233 0.3591
1.1549 0.4233 0.3591
1.1549 0.4233 0.3591
1.1549 0.4233 0.3591
1.1549 0.4233 0.3591
1.1549 0.4233 0.3591
1.1549 0.4233 0.3591
1.1549 0.4233 0.3591
1.1549 0.4233 0.3591
1.1549 0.4233 0.3591
1.1549 0.4233 0.3591
1.1549 0.4233 0.3591
1.1549 0.4233 0.3591
1.1549 0.4233 0.3591
1.1549 0.4233 0.3591
1.1549 0.4233 0.3591
1.1549 0.4233 0.3591
1.1549 0.4233 0.3591
1.1549 0.4233 0.3591
1.1549 0.4233 0.3591
1.1549 0.4233 0.3591
1.1549 0.4233 0.3591
1.1549 0.4233 0.3591
1.1549 0.4233 0.3591
1.1549 0.4233 0.3591
1.1549 0.4233 0.3591
1.1549 0.4233 0.3591
1.1549 0.4233 0.3591
1.1549 0.4233 0.3591
1.1549 0.4233 0.3591
1.1549 0.4233 0.3591
1.1549 0.4233 0.3591
1.1549 0.4233 0.3591
1.1549 0.4233 0.3591
1.1549 0.4233 0.3591
1.1549 0.4233 0.3591
1.1549 0.4233 0.3591
1.1549 0.4233 0.3591
1.1549 0.4233 0.3591
1.1549 0.4233 0.3591
1.1549 0.4233 0.3591
1.1549 0.4233 0.3591
1.1549 0.4233 0.3591
1.1549 0.4233 0.3591
1.1549 0.4233 0.3591
1.1549 0.4233 0.3591
1.1549 0.4233 0.3591
1.1549 0.4233 0.3591
1.1549 0.4233 0.3591
1.1549 0.4233 0.3591
1.1549 0.4233 0.3591
1.1549 0.4233 0.3591
1.1549 0.4233 0.3591
1.1549 0.4233 0.3591
1.1549 0.4233 0.3591
1.1549 0.4233 0.3591
1.1549 0.4233 0.3591
1.1549 0.4233 0.3591
1.1549 0.4233 0.3591
1.1549 0.4233 0.3591
1.1549 0.4233 0.3591
1.1549 0.4233 0.3591
1.1549 0.4233 0.3591
1.1549 0.4233 0.3591
1.1549 0.4233 0.3591
1.1549 0.4233 0.3591
1.1549 0.4233 0.3591
1.1549 0.4233 0.3591
1.1549 0.4233 0.3591
1.1549 0.4233 0.3591
1.1549 0.4233 0.3591
1.1549 0.4233 0.3591
1.1549 0.4233 0.3591
1.1549 0.4233 0.3591
1.1549 0.4233 0.3591
1.1549 0.4233 0.3591
1.1549 0.4233 0.3591
1.1549 0.4233 0.3591
1.1549 0.4233 0.3591
1.1549 0.4233 0.3591
1.1549 0.4233 0.3591
1.1549 0.4233 0.3591
1.1549 0.4233 0.3591
1.1549 0.4233 0.3591
1.1549 0.4233 0.3591
1.1549 0.4233 0.3591
1.1549 0.4233 0.3591
1.1549 0.4233 0.3591
1.1549 0.4233 0.3591
1.1549 0.4233 0.3591
1.1549 0.4233 0.3591
1.1549 0.4233 0.3591
1.1549 0.4233 0.3591
1.1549 0.4233 0.3591
1.1549 0.4233 0.3591
1.1549 0.4233 0.3591
1.1549 0.4233 0.3591
1.1549 0.4233 0.3591
1.1549 0.4233 0.3591
1.1549 0.4233 0.3591
1.1549 0.4233 0.3591
1.1549 0.4233 0.3591
1.1549 0.4233 0.3591
1.1549 0.4233 0.3591
1.1549 0.4233 0.3591
1.1549 0.4233 0.3591
1.1549 0.4233 0.3591
1.1549 0.4233 0.3591
1.1549 0.4233 0.3591
1.1549 0.4233 0.3591
1.1549 0.4233 0.3591
1.1549 0.4233 0.3591
1.1549 0.4233 0.3591
1.1549 0.4233 0.3591
1.1549 0.4233 0.3591
1.1549 0.4233 0.3591
1.1549 0.4233 0.3591
1.1549 0.4233 0.3591
1.1549 0.4233 0.3591
1.1549 0.4233 0.3591
1.1549 0.4233 0.3591
1.1549 0.4233 0.3591
1.1549 0.4233 0.3591
1.1549 0.4233 0.3591
1.1549 0.4233 0.3591
1.1549 0.4233 0.3591
1.1549 0.4233 0.3591
1.1549 0.4233 0.3591
1.1549 0.4233 0.3591
1.1549 0.4233 0.3591
1.1549 0.4233 0.3591
1.1549 0.4233 0.3591
1.1549 0.4233 0.3591
1.1549 0.4233 0.3591
1.1549 0.4233 0.3591
1.1549 0.4233 0.3591
1.1549 0.4233 0.3591
1.1549 0.4233 0.3591
1.1549 0.4233 0.3591
1.1549 0.4233 0.3591
1.1549 0.4233 0.3591
1.1549 0.4233 0.3591
1.1549 0.4233 0.3591
1.1549 0.4233 0.3591
1.1549 0.4233 0.3591
1.1549 0.4233 0.3591
1.1549 0.4233 0.3591
1.1549 0.4233 0.3591
1.1549 0.4233 0.3591
1.1549 0.4233 0.3591
1.1549 0.4233 0.3591
1.1549 0.4233 0.3591
1.1549 0.4233 0.3591
1.1549 0.4233 0.3591
1.1549 0.4233 0.3591
1.1549 0.4233 0.3591
1.1549 0.4233 0.3591
1.1549 0.4233 0.3591
1.1549 0.4233 0.3591
1.1549 0.4233 0.3591
1.1549 0.4233 0.3591
1.1549 0.4233 0.3591
1.1549 0.4233 0.3591
1.1549 0.4233 0.3591
1.1549 0.4233 0.3591
1.1549 0.4233 0.3591
1.1549 0.4233 0.3591
1.1549 0.4233 0.3591
1.1549 0.4233 0.3591
1.1549 0.4233 0.3591
1.1549 0.4233 0.3591
1.1549 0.4233 0.3591
1.1549 0.4233 0.3591
1.1549 0.4233 0.3591
1.1549 0.4233 0.3591
1.1549 0.4233 0.3591
1.1549 0.4233 0.3591
1.1549 0.4233 0.3591
1.1549 0.4233 0.3591
1.1549 0.4233 0.3591
1.1549 0.4233 0.3591
1.1549 0.4233 0.3591
1.1549 0.4233 0.3591
1.1549 0.4233 0.3591
1.1549 0.4233 0.3591
1.1549 0.4233 0.3591
1.1549 0.4233 0.3591
1.1549 0.4233 0.3591
1.1549 0.4233 0.3591
1.1549 0.4233 0.3591
1.1549 0.4233 0.3591
1.1549 0.4233 0.3591
1.1549 0.4233 0.3591
1.1549 0.4233 0.3591
1.1549 0.4233 0.3591
1.1549 0.4233 0.3591
1.1549 0.4233 0.3591
1.1549 0.4233 0.3591
1.1549 0.4233 0.3591
1.1549 0.4233 0.3591
1.1549 0.4233 0.3591
1.1549 0.4233 0.3591
1.1549 0.4233 0.3591
1.1549 0.4233 0.3591
1.1549 0.4233 0.3591
1.1549 0.4233 0.3591
1.1549 0.4233 0.3591
1.1549 0.4233 0.3591
1.1549 0.4233 0.3591
1.1549 0.4233 0.3591
1.1549 0.4233 0.3591
1.1549 0.4233 0.3591
1.1549 0.4233 0.3591
1.1549 0.4233 0.3591
1.1549 0.4233 0.3591
1.1549 0.4233 0.3591
1.1549 0.4233 0.3591
1.1549 0.4233 0.3591
1.1549 0.4233 0.3591
1.1549 0.4233 0.3591
1.1549 0.4233 0.3591
1.1549 0.4233 0.3591
1.1549 0.4233 0.3591
1.1549 0.4233 0.3591
1.1549 0.4233 0.3591
1.1549 0.4233 0.3591
1.1549 0.4233 0.3591
1.1549 0.4233 0.3591
1.1549 0.4233 0.3591
1.1549 0.4233 0.3591
1.1549 0.4233 0.3591
1.1549 0.4233 0.3591
1.1549 0.4233 0.3591
1.1549 0.4233 0.3591
1.1549 0.4233 0.3591
1.1549 0.4233 0.3591
1.1549 0.4233 0.3591
1.1549 0.4233 0.3591
1.1549 0.4233 0.3591
1.1549 0.4233 0.3591
1.1549 0.4233 0.3591
1.1549 0.4233 0.3591
1.1549 0.4233 0.3591
1.1549 0.4233 0.3591
1.1549 0.4233 0.3591
1.1549 0.4233 0.3591
1.1549 0.4233 0.3591
1.1549 0.4233 0.3591
1.1549 0.4233 0.3591
1.1549 0.4233 0.3591
1.1549 0.4233 0.3591
1.1549 0.4233 0.3591
1.1549 0.4233 0.3591
1.1549 0.4233 0.3591
1.1549 0.4233 0.3591
1.1549 0.4233 0.3591
1.1549 0.4233 0.3591
1.1549 0.4233 0.3591
1.1549 0.4233 0.3591
1.1549 0.4233 0.3591
1.1549 0.4233 0.3591
1.1549 0.4233 0.3591
1.1549 0.4233 0.3591
1.1549 0.4233 0.3591
1.1549 0.4233 0.3591
1.1549 0.4233 0.3591
1.1549 0.4233 0.3591
1.1549 0.4233 0.3591
1.1549 0.4233 0.3591
1.1549 0.4233 0.3591
1.1549 0.4233 0.3591
1.1549 0.4233 0.3591
1.1549 0.4233 0.3591
1.1549 0.4233 0.3591
1.1549 0.4233 0.3591
1.1549 0.4233 0.3591
1.1549 0.4233 0.3591
1.1549 0.4233 0.3591
1.1549 0.4233 0.3591
1.1549 0.4233 0.3591
1.1549 0.4233 0.3591
1.1549 0.4233 0.3591
1.1549 0.4233 0.3591
1.1549 0.4233 0.3591
1.1549 0.4233 0.3591
1.1549 0.4233 0.3591
1.1549 0.4233 0.3591
1.1549 0.4233 0.3591
1.1549 0.4233 0.3591
1.1549 0.4233 0.3591
1.1549 0.4233 0.3591
1.1549 0.4233 0.3591
1.1549 0.4233 0.3591
1.1549 0.4233 0.3591
1.1549 0.4233 0.3591
1.1549 0.4233 0.3591
1.1549 0.4233 0.3591
1.1549 0.4233 0.3591
1.1549 0.4233 0.3591
1.1549 0.4233 0.3591
1.1549 0.4233 0.3591
1.1549 0.4233 0.3591
1.1549 0.4233 0.3591
1.1549 0.4233 0.3591
1.1549 0.4233 0.3591
1.1549 0.4233 0.3591
1.1549 0.4233 0.3591
1.1549 0.4233 0.3591
1.1549 0.4233 0.3591
1.1549 0.4233 0.3591
1.1549 0.4233 0.3591
1.1549 0.4233 0.3591
1.1549 0.4233 0.3591
1.1549 0.4233 0.3591
1.1549 0.4233 0.3591
1.1549 0.4233 0.3591
1.1549 0.4233 0.3591
1.1549 0.4233 0.3591
1.1549 0.4233 0.3591
1.1549 0.4233 0.3591
1.1549 0.4233 0.3591
1.1549 0.4233 0.3591
1.1549 0.4233 0.3591
1.1549 0.4233 0.3591
1.1549 0.4233 0.3591
1.1549 0.4233 0.3591
1.1549 0.4233 0.3591
1.1549 0.4233 0.3591
1.1549 0.4233 0.3591
1.1549 0.4233 0.3591
1.1549 0.4233 0.3591
1.1549 0.4233 0.3591
1.1549 0.4233 0.3591
1.1549 0.4233 0.3591
1.1549 0.4233 0.3591
1.1549 0.4233 0.3591
1.1549 0.4233 0.3591
1.1549 0.4233 0.3591
1.1549 0.4233 0.3591
1.1549 0.4233 0.3591
1.1549 0.4233 0.3591
1.1549 0.4233 0.3591
1.1549 0.4233 0.3591
1.1549 0.4233 0.3591
1.1549 0.4233 0.3591
1.1549 0.4233 0.3591
1.1549 0.4233 0.3591
1.1549 0.4233 0.3591
1.1549 0.4233 0.3591
1.1549 0.4233 0.3591
1.1549 0.4233 0.3591
1.1549 0.4233 0.3591
1.1549 0.4233 0.3591
1.1549 0.4233 0.3591
1.1549 0.4233 0.3591
1.1549 0.4233 0.3591
1.1549 0.4233 0.3591
1.1549 0.4233 0.3591
1.1549 0.4233 0.3591
1.1549 0.4233 0.3591
1.1549 0.4233 0.3591
1.1549 0.4233 0.3591
1.1549 0.4233 0.3591
1.1549 0.4233 0.3591
1.1549 0.4233 0.3591
1.1549 0.4233 0.3591
1.1549 0.4233 0.3591
1.1549 0.4233 0.3591
1.1549 0.4233 0.3591
1.1549 0.4233 0.3591
1.1549 0.4233 0.3591
1.1549 0.4233 0.3591
1.1549 0.4233 0.3591
1.1549 0.4233 0.3591
1.1549 0.4233 0.3591
1.1549 0.4233 0.3591
1.1549 0.4233 0.3591
1.1549 0.4233 0.3591
1.1549 0.4233 0.3591
1.1549 0.4233 0.3591
1.1549 0.4233 0.3591
1.1549 0.4233 0.3591
1.1549 0.4233 0.3591
1.1549 0.4233 0.3591
1.1549 0.4233 0.3591
1.1549 0.4233 0.3591
1.1549 0.4233 0.3591
1.1549 0.4233 0.3591
1.1549 0.4233 0.3591
1.1549 0.4233 0.3591
1.1549 0.4233 0.3591
1.1549 0.4233 0.3591
1.1549 0.4233 0.3591
1.1549 0.4233 0.3591
1.1549 0.4233 0.3591
1.1549 0.4233 0.3591
1.1549 0.4233 0.3591
1.1549 0.4233 0.3591
1.1549 0.4233 0.3591
1.1549 0.4233 0.3591
1.1549 0.4233 0.3591
1.1549 0.4233 0.3591
1.1549 0.4233 0.3591
1.1549 0.4233 0.3591
1.1549 0.4233 0.3591
1.1549 0.4233 0.3591
1.1549 0.4233 0.3591
1.1549 0.4233 0.3591
1.1549 0.4233 0.3591
1.1549 0.4233 0.3591
1.1549 0.4233 0.3591
1.1549 0.4233 0.3591
1.1549 0.4233 0.3591
1.1549 0.4233 0.3591
1.1549 0.4233 0.3591
1.1549 0.4233 0.3591
1.1549 0.4233 0.3591
1.1549 0.4233 0.3591
1.1549 0.4233 0.3591
1.1549 0.4233 0.3591
1.1549 0.4233 0.3591
1.1549 0.4233 0.3591
1.1549 0.4233 0.3591
1.1549 0.4233 0.3591
1.1549 0.4233 0.3591
1.1549 0.4233 0.3591
1.1549 0.4233 0.3591
1.1549 0.4233 0.3591
1.1549 0.4233 0.3591
1.1549 0.4233 0.3591
1.1549 0.4233 0.3591
1.1549 0.4233 0.3591
1.1549 0.4233 0.3591
1.1549 0.4233 0.3591
1.1549 0.4233 0.3591
1.1549 0.4233 0.3591
1.1549 0.4233 0.3591
1.1549 0.4233 0.3591
1.1549 0.4233 0.3591
1.1549 0.4233 0.3591
1.1549 0.4233 0.3591
1.1549 0.4233 0.3591
1.1549 0.4233 0.3591
1.1549 0.4233 0.3591
1.1549 0.4233 0.3591
1.1549 0.4233 0.3591
1.1549 0.4233 0.3591
1.1549 0.4233 0.3591
1.1549 0.4233 0.3591
1.1549 0.4233 0.3591
1.1549 0.4233 0.3591
1.1549 0.4233 0.3591
1.1549 0.4233 0.3591
1.1549 0.4233 0.3591
1.1549 0.4233 0.3591
1.1549 0.4233 0.3591
1.1549 0.4233 0.3591
1.1549 0.4233 0.3591
1.1549 0.4233 0.3591
1.1549 0.4233 0.3591
1.1549 0.4233 0.3591
1.1549 0.4233 0.3591
1.1549 0.4233 0.3591
1.1549 0.4233 0.3591
1.1549 0.4233 0.3591
1.1549 0.4233 0.3591
1.1549 0.4233 0.3591
1.1549 0.4233 0.3591
1.1549 0.4233 0.3591
1.1549 0.4233 0.3591
1.1549 0.4233 0.3591
1.1549 0.4233 0.3591
1.1549 0.4233 0.3591
1.1549 0.4233 0.3591
1.1549 0.4233 0.3591
1.1549 0.4233 0.3591
1.1549 0.4233 0.3591
1.1549 0.4233 0.3591
1.1549 0.4233 0.3591
1.1549 0.4233 0.3591
1.1549 0.4233 0.3591
1.1549 0.4233 0.3591
1.1549 0.4233 0.3591
1.1549 0.4233 0.3591
1.1549 0.4233 0.3591
1.1549 0.4233 0.3591
1.1549 0.4233 0.3591
1.1549 0.4233 0.3591
1.1549 0.4233 0.3591
1.1549 0.4233 0.3591
1.1549 0.4233 0.3591
1.1549 0.4233 0.3591
1.1549 0.4233 0.3591
1.1549 0.4233 0.3591
1.1549 0.4233 0.3591
1.1549 0.4233 0.3591
1.1549 0.4233 0.3591
1.1549 0.4233 0.3591
1.1549 0.4233 0.3591
1.1549 0.4233 0.3591
1.1549 0.4233 0.3591
1.1549 0.4233 0.3591
1.1549 0.4233 0.3591
1.1549 0.4233 0.3591
1.1549 0.4233 0.3591
1.1549 0.4233 0.3591
1.1549 0.4233 0.3591
1.1549 0.4233 0.3591
1.1549 0.4233 0.3591
1.1549 0.4233 0.3591
1.1549 0.4233 0.3591
1.1549 0.4233 0.3591
1.1549 0.4233 0.3591
1.1549 0.4233 0.3591
1.1549 0.4233 0.3591
1.1549 0.4233 0.3591
1.1549 0.4233 0.3591
1.1549 0.4233 0.3591
1.1549 0.4233 0.3591
1.1549 0.4233 0.3591
1.1549 0.4233 0.3591
1.1549 0.4233 0.3591
1.1549 0.4233 0.3591
1.1549 0.4233 0.3591
1.1549 0.4233 0.3591
1.1549 0.4233 0.3591
1.1549 0.4233 0.3591
1.1549 0.4233 0.3591
1.1549 0.4233 0.3591
1.1549 0.4233 0.3591
1.1549 0.4233 0.3591
1.1549 0.4233 0.3591
1.1549 0.4233 0.3591
1.1549 0.4233 0.3591
1.1549 0.4233 0.3591
1.1549 0.4233 0.3591
1.1549 0.4233 0.3591
1.1549 0.4233 0.3591
1.1549 0.4233 0.3591
1.1549 0.4233 0.3591
1.1549 0.4233 0.3591
1.1549 0.4233 0.3591
1.1549 0.4233 0.3591
1.1549 0.4233 0.3591
1.1549 0.4233 0.3591
1.1549 0.4233 0.3591
1.1549 0.4233 0.3591
1.1549 0.4233 0.3591
1.1549 0.4233 0.3591
1.1549 0.4233 0.3591
1.1549 0.4233 0.3591
1.1549 0.4233 0.3591
1.1549 0.4233 0.3591
1.1549 0.4233 0.3591
1.1549 0.4233 0.3591
1.1549 0.4233 0.3591
1.1549 0.4233 0.3591
1.1549 0.4233 0.3591
1.1549 0.4233 0.3591
1.1549 0.4233 0.3591
1.1549 0.4233 0.3591
1.1549 0.4233 0.3591
1.1549 0.4233 0.3591
1.1549 0.4233 0.3591
1.1549 0.4233 0.3591
1.1549 0.4233 0.3591
1.1549 0.4233 0.3591
1.1549 0.4233 0.3591
1.1549 0.4233 0.3591
1.1549 0.4233 0.3591
1.1549 0.4233 0.3591
1.1549 0.4233 0.3591
1.1549 0.4233 0.3591
1.1549 0.4233 0.3591
1.1549 0.4233 0.3591
1.1549 0.4233 0.3591
1.1549 0.4233 0.3591
1.1549 0.4233 0.3591
1.1549 0.4233 0.3591
1.1549 0.4233 0.3591
1.1549 0.4233 0.3591
1.1549 0.4233 0.3591
1.1549 0.4233 0.3591
1.1549 0.4233 0.3591
1.1549 0.4233 0.3591
1.1549 0.4233 0.3591
1.1549 0.4233 0.3591
1.1549 0.4233 0.3591
1.1549 0.4233 0.3591
1.1549 0.4233 0.3591
1.1549 0.4233 0.3591
1.1549 0.4233 0.3591
1.1549 0.4233 0.3591
1.1549 0.4233 0.3591
1.1549 0.4233 0.3591
1.1549 0.4233 0.3591
1.1549 0.4233 0.3591
1.1549 0.4233 0.3591
1.1549 0.4233 0.3591
1.1549 0.4233 0.3591
1.1549 0.4233 0.3591
1.1549 0.4233 0.3591
1.1549 0.4233 0.3591
1.1549 0.4233 0.3591
1.1549 0.4233 0.3591
1.1549 0.4233 0.3591
1.1549 0.4233 0.3591
1.1549 0.4233 0.3591
1.1549 0.4233 0.3591
1.1549 0.4233 0.3591
1.1549 0.4233 0.3591
1.1549 0.4233 0.3591
1.1549 0.4233 0.3591
1.1549 0.4233 0.3591
1.1549 0.4233 0.3591
1.1549 0.4233 0.3591
1.1549 0.4233 0.3591
1.1549 0.4233 0.3591
1.1549 0.4233 0.3591
1.1549 0.4233 0.3591
1.1549 0.4233 0.3591
1.1549 0.4233 0.3591
1.1549 0.4233 0.3591
1.1549 0.4233 0.3591
1.1549 0.4233 0.3591
1.1549 0.4233 0.3591
1.1549 0.4233 0.3591
1.1549 0.4233 0.3591
1.1549 0.4233 0.3591
1.1549 0.4233 0.3591
1.1549 0.4233 0.3591
1.1549 0.4233 0.3591
1.1549 0.4233 0.3591
1.1549 0.4233 0.3591
1.1549 0.4233 0.3591
1.1549 0.4233 0.3591
1.1549 0.4233 0.3591
1.1549 0.4233 0.3591
1.1549 0.4233 0.3591
1.1549 0.4233 0.3591
1.1549 0.4233 0.3591
1.1549 0.4233 0.3591
1.1549 0.4233 0.3591
1.1549 0.4233 0.3591
1.1549 0.4233 0.3591
1.1549 0.4233 0.3591
1.1549 0.4233 0.3591
1.1549 0.4233 0.3591
1.1549 0.4233 0.3591
1.1549 0.4233 0.3591
1.1549 0.4233 0.3591
1.1549 0.4233 0.3591
1.1549 0.4233 0.3591
1.1549 0.4233 0.3591
1.1549 0.4233 0.3591
1.1549 0.4233 0.3591
1.1549 0.4233 0.3591
1.1549 0.4233 0.3591
1.1549 0.4233 0.3591
1.1549 0.4233 0.3591
1.1549 0.4233 0.3591
1.1549 0.4233 0.3591
1.1549 0.4233 0.3591
1.1549 0.4233 0.3591
1.1549 0.4233 0.3591
1.1549 0.4233 0.3591
1.1549 0.4233 0.3591
1.1549 0.4233 0.3591
1.1549 0.4233 0.3591
1.1549 0.4233 0.3591
1.1549 0.4233 0.3591
1.1549 0.4233 0.3591
1.1549 0.4233 0.3591
1.1549 0.4233 0.3591
1.1549 0.4233 0.3591
1.1549 0.4233 0.3591
1.1549 0.4233 0.3591
1.1549 0.4233 0.3591