2343
0.2723 0.4517 1.5780
0.2723 0.4517 1.5780
0.2723 0.4517 1.5780
0.3129 0.4567 1.5303
0.3129 0.4567 1.5303
0.3129 0.4567 1.5303
0.3289 0.4433 1.4910
0.3426 0.4167 1.4371
0.4291 0.4200 1.3257
0.4291 0.4200 1.3257
0.2660 0.4150 1.5373
0.2660 0.4150 1.5373
0.2660 0.4150 1.5373
0.2668 0.4150 1.5362
0.2699 0.4183 1.5365
0.2699 0.4183 1.5365
0.2699 0.4183 1.5365
0.4432 0.4167 1.3024
0.4508 0.4167 1.2922
0.4305 0.4383 1.3484
0.3432 0.4183 1.4384
0.2683 0.3967 1.5096
0.5360 0.4383 1.2073
0.5360 0.4383 1.2073
0.5063 0.4467 1.2581
0.5063 0.4467 1.2581
0.5494 0.4367 1.1871
0.5594 0.4433 1.1826
0.5011 0.4117 1.2184
0.5011 0.4117 1.2184
0.5011 0.4117 1.2184
0.5011 0.4117 1.2184
0.5219 0.4267 1.2106
0.5278 0.4367 1.2161
0.5882 0.4317 1.1285
0.5882 0.4317 1.1285
0.5882 0.4317 1.1285
0.5882 0.4317 1.1285
0.6026 0.4333 1.1114
0.6026 0.4333 1.1114
0.5673 0.4217 1.1431
0.5673 0.4217 1.1431
0.5673 0.4217 1.1431
0.5673 0.4217 1.1431
0.6178 0.4383 1.0978
0.6178 0.4383 1.0978
0.6178 0.4383 1.0978
0.6178 0.4383 1.0978
0.6178 0.4383 1.0978
0.6178 0.4383 1.0978
0.6156 0.4350 1.0963
0.6156 0.4350 1.0963
0.6018 0.4400 1.1214
0.6348 0.4300 1.0640
0.6348 0.4300 1.0640
0.6348 0.4300 1.0640
0.5791 0.4183 1.1229
0.5791 0.4183 1.1229
0.5791 0.4183 1.1229
0.6029 0.4267 1.1021
0.6029 0.4267 1.1021
0.6029 0.4267 1.1021
0.6267 0.4350 1.0815
0.6267 0.4350 1.0815
0.6267 0.4350 1.0815
0.6267 0.4350 1.0815
0.6267 0.4350 1.0815
0.6267 0.4350 1.0815
0.6389 0.4100 1.0317
0.6389 0.4100 1.0317
0.6447 0.4200 1.0373
0.6423 0.4317 1.0561
0.6423 0.4317 1.0561
0.6423 0.4317 1.0561
0.6142 0.4183 1.0759
0.6638 0.4150 1.0050
0.6423 0.4317 1.0561
0.6423 0.4317 1.0561
0.6402 0.4133 1.0344
0.6402 0.4133 1.0344
0.6430 0.4333 1.0574
0.6430 0.4333 1.0574
0.6430 0.4333 1.0574
0.6430 0.4333 1.0574
0.6272 0.4183 1.0585
0.6967 0.4317 0.9834
0.6967 0.4317 0.9834
0.6967 0.4317 0.9834
0.6967 0.4317 0.9834
0.6967 0.4317 0.9834
0.6967 0.4317 0.9834
0.6759 0.4250 1.0022
0.6759 0.4250 1.0022
0.6971 0.4267 0.9761
0.7019 0.4333 0.9786
0.6967 0.4317 0.9834
0.7080 0.4350 0.9726
0.7080 0.4350 0.9726
0.6776 0.4283 1.0044
0.6776 0.4283 1.0044
0.6947 0.4233 0.9749
0.7141 0.4333 0.9623
0.7141 0.4333 0.9623
0.7141 0.4333 0.9623
0.7141 0.4333 0.9623
0.7141 0.4333 0.9623
0.7141 0.4333 0.9623
0.7141 0.4333 0.9623
0.7141 0.4333 0.9623
0.6975 0.4317 0.9823
0.6975 0.4317 0.9823
0.7141 0.4333 0.9623
0.7141 0.4333 0.9623
0.7141 0.4333 0.9623
0.7141 0.4333 0.9623
0.7141 0.4333 0.9623
0.7209 0.4333 0.9533
0.7141 0.4333 0.9623
0.7141 0.4333 0.9623
0.7141 0.4333 0.9623
0.7077 0.4350 0.9731
0.7560 0.4417 0.9174
0.7560 0.4417 0.9174
0.7554 0.4467 0.9249
0.7554 0.4467 0.9249
0.7385 0.4283 0.9229
0.7209 0.4333 0.9533
0.7209 0.4333 0.9533
0.7209 0.4333 0.9533
0.7560 0.4417 0.9174
0.7560 0.4417 0.9174
0.7519 0.4317 0.9095
0.7519 0.4317 0.9095
0.7519 0.4317 0.9095
0.7519 0.4317 0.9095
0.7473 0.4300 0.9134
0.7473 0.4300 0.9134
0.7473 0.4300 0.9134
0.7473 0.4300 0.9134
0.7473 0.4300 0.9134
0.7477 0.4300 0.9128
0.7477 0.4300 0.9128
0.7473 0.4300 0.9134
0.7519 0.4317 0.9095
0.7473 0.4300 0.9134
0.7473 0.4300 0.9134
0.7788 0.4367 0.8801
0.7788 0.4367 0.8801
0.7788 0.4367 0.8801
0.7585 0.4300 0.8984
0.7585 0.4300 0.8984
0.7585 0.4300 0.8984
0.7585 0.4300 0.8984
0.7585 0.4300 0.8984
0.7585 0.4300 0.8984
0.7585 0.4300 0.8984
0.7585 0.4300 0.8984
0.7585 0.4300 0.8984
0.7585 0.4300 0.8984
0.7585 0.4300 0.8984
0.7585 0.4300 0.8984
0.7585 0.4300 0.8984
0.7585 0.4300 0.8984
0.7585 0.4300 0.8984
0.7885 0.4400 0.8716
0.7885 0.4400 0.8716
0.7885 0.4400 0.8716
0.7885 0.4400 0.8716
0.7885 0.4400 0.8716
0.7520 0.4250 0.9004
0.7520 0.4250 0.9004
0.7520 0.4250 0.9004
0.7520 0.4250 0.9004
0.7520 0.4250 0.9004
0.7520 0.4250 0.9004
0.7520 0.4250 0.9004
0.7520 0.4250 0.9004
0.7634 0.4283 0.8897
0.7745 0.4300 0.8770
0.7745 0.4300 0.8770
0.7745 0.4300 0.8770
0.7520 0.4250 0.9004
0.7520 0.4250 0.9004
0.7520 0.4250 0.9004
0.7520 0.4250 0.9004
0.7520 0.4250 0.9004
0.7520 0.4250 0.9004
0.7520 0.4250 0.9004
0.7520 0.4250 0.9004
0.7520 0.4250 0.9004
0.7520 0.4250 0.9004
0.7520 0.4250 0.9004
0.7520 0.4250 0.9004
0.7520 0.4250 0.9004
0.7520 0.4250 0.9004
0.7520 0.4250 0.9004
0.7520 0.4250 0.9004
0.7520 0.4250 0.9004
0.7520 0.4250 0.9004
0.7520 0.4250 0.9004
0.7745 0.4300 0.8770
0.7404 0.4167 0.9048
0.7404 0.4167 0.9048
0.7580 0.4250 0.8925
0.7520 0.4250 0.9004
0.7578 0.4283 0.8971
0.7578 0.4283 0.8971
0.7578 0.4283 0.8971
0.7578 0.4283 0.8971
0.7404 0.4167 0.9048
0.7404 0.4167 0.9048
0.7404 0.4167 0.9048
0.7404 0.4167 0.9048
0.7404 0.4167 0.9048
0.7404 0.4167 0.9048
0.7517 0.4233 0.8986
0.7432 0.4200 0.9056
0.7432 0.4200 0.9056
0.7432 0.4200 0.9056
0.7432 0.4200 0.9056
0.7432 0.4200 0.9056
0.7409 0.4217 0.9108
0.7409 0.4217 0.9108
0.7550 0.4217 0.8920
0.7550 0.4217 0.8920
0.7550 0.4217 0.8920
0.7432 0.4200 0.9056
0.7432 0.4200 0.9056
0.7409 0.4217 0.9108
0.7422 0.4217 0.9091
0.7432 0.4200 0.9056
0.7432 0.4200 0.9056
0.7432 0.4200 0.9056
0.7550 0.4217 0.8920
0.7409 0.4217 0.9108
0.7644 0.4300 0.8906
0.7472 0.4233 0.9046
0.7472 0.4233 0.9046
0.7472 0.4233 0.9046
0.7472 0.4233 0.9046
0.7472 0.4233 0.9046
0.7472 0.4233 0.9046
0.7472 0.4233 0.9046
0.7472 0.4233 0.9046
0.7472 0.4233 0.9046
0.7472 0.4233 0.9046
0.7473 0.4233 0.9045
0.7409 0.4217 0.9108
0.7409 0.4217 0.9108
0.7443 0.4183 0.9018
0.7655 0.4300 0.8891
0.7220 0.4100 0.9205
0.7220 0.4100 0.9205
0.7512 0.4233 0.8992
0.7280 0.4083 0.9103
0.7633 0.4267 0.8876
0.7633 0.4267 0.8876
0.7633 0.4267 0.8876
0.7633 0.4267 0.8876
0.7633 0.4267 0.8876
0.7348 0.4100 0.9034
0.7348 0.4100 0.9034
0.7348 0.4100 0.9034
0.7348 0.4100 0.9034
0.7348 0.4100 0.9034
0.7348 0.4100 0.9034
0.7348 0.4100 0.9034
0.7348 0.4100 0.9034
0.7519 0.4183 0.8917
0.7519 0.4183 0.8917
0.7348 0.4100 0.9034
0.7348 0.4100 0.9034
0.7348 0.4100 0.9034
0.7413 0.4117 0.8969
0.7413 0.4117 0.8969
0.7463 0.4117 0.8902
0.7463 0.4117 0.8902
0.7463 0.4117 0.8902
0.7463 0.4117 0.8902
0.7395 0.4117 0.8993
0.7528 0.4133 0.8838
0.7790 0.4317 0.8733
0.7790 0.4317 0.8733
0.7528 0.4133 0.8838
0.7528 0.4133 0.8838
0.7528 0.4133 0.8838
0.7479 0.4117 0.8881
0.7479 0.4117 0.8881
0.7479 0.4117 0.8881
0.7498 0.4067 0.8789
0.7498 0.4067 0.8789
0.7498 0.4067 0.8789
0.7498 0.4067 0.8789
0.7342 0.4050 0.8974
0.7342 0.4050 0.8974
0.7342 0.4050 0.8974
0.7342 0.4050 0.8974
0.7342 0.4050 0.8974
0.7342 0.4050 0.8974
0.7342 0.4050 0.8974
0.7473 0.4067 0.8822
0.7473 0.4067 0.8822
0.7473 0.4067 0.8822
0.7352 0.4050 0.8961
0.7357 0.4050 0.8955
0.7357 0.4050 0.8955
0.7357 0.4050 0.8955
0.7357 0.4050 0.8955
0.7357 0.4050 0.8955
0.7357 0.4050 0.8955
0.7342 0.4050 0.8974
0.7376 0.4050 0.8930
0.7376 0.4050 0.8930
0.7376 0.4050 0.8930
0.7409 0.4117 0.8974
0.7409 0.4117 0.8974
0.7409 0.4117 0.8974
0.7567 0.4167 0.8830
0.7567 0.4167 0.8830
0.7567 0.4167 0.8830
0.7567 0.4167 0.8830
0.7567 0.4167 0.8830
0.7567 0.4167 0.8830
0.7442 0.4117 0.8930
0.7442 0.4117 0.8930
0.7442 0.4117 0.8930
0.7409 0.4117 0.8974
0.7409 0.4117 0.8974
0.7409 0.4117 0.8974
0.7622 0.4200 0.8801
0.7622 0.4200 0.8801
0.7442 0.4117 0.8930
0.7442 0.4117 0.8930
0.7442 0.4117 0.8930
0.7442 0.4117 0.8930
0.7567 0.4167 0.8830
0.7442 0.4117 0.8930
0.7442 0.4117 0.8930
0.7442 0.4117 0.8930
0.7442 0.4117 0.8930
0.7442 0.4117 0.8930
0.7442 0.4117 0.8930
0.7442 0.4117 0.8930
0.7442 0.4117 0.8930
0.7442 0.4117 0.8930
0.7442 0.4117 0.8930
0.7601 0.4167 0.8785
0.7411 0.4050 0.8883
0.7442 0.4117 0.8930
0.7442 0.4117 0.8930
0.7442 0.4117 0.8930
0.7442 0.4117 0.8930
0.7442 0.4117 0.8930
0.7442 0.4117 0.8930
0.7442 0.4117 0.8930
0.7442 0.4117 0.8930
0.7548 0.4167 0.8856
0.7548 0.4167 0.8856
0.7548 0.4167 0.8856
0.7601 0.4167 0.8785
0.7442 0.4117 0.8930
0.7588 0.4167 0.8802
0.7588 0.4167 0.8802
0.7588 0.4167 0.8802
0.7588 0.4167 0.8802
0.7654 0.4200 0.8758
0.7654 0.4200 0.8758
0.7654 0.4200 0.8758
0.7450 0.4117 0.8919
0.7450 0.4117 0.8919
0.7450 0.4117 0.8919
0.7450 0.4117 0.8919
0.7758 0.4200 0.8619
0.7758 0.4200 0.8619
0.7758 0.4200 0.8619
0.7758 0.4200 0.8619
0.7567 0.4100 0.8741
0.7567 0.4100 0.8741
0.7567 0.4100 0.8741
0.7566 0.4133 0.8787
0.7566 0.4133 0.8787
0.7566 0.4133 0.8787
0.7566 0.4133 0.8787
0.7796 0.4250 0.8635
0.7796 0.4250 0.8635
0.7796 0.4250 0.8635
0.7796 0.4250 0.8635
0.7796 0.4250 0.8635
0.7796 0.4250 0.8635
0.7796 0.4250 0.8635
0.7566 0.4133 0.8787
0.7448 0.4117 0.8922
0.7448 0.4117 0.8922
0.7448 0.4117 0.8922
0.7448 0.4117 0.8922
0.7649 0.4183 0.8742
0.7463 0.4117 0.8903
0.7463 0.4117 0.8903
0.7463 0.4117 0.8903
0.7771 0.4200 0.8602
0.7771 0.4200 0.8602
0.7771 0.4200 0.8602
0.7771 0.4200 0.8602
0.7771 0.4200 0.8602
0.7771 0.4200 0.8602
0.7800 0.4250 0.8630
0.7800 0.4250 0.8630
0.7800 0.4250 0.8630
0.7800 0.4250 0.8630
0.7800 0.4250 0.8630
0.7800 0.4250 0.8630
0.7800 0.4250 0.8630
0.7635 0.4150 0.8717
0.7635 0.4150 0.8717
0.7635 0.4150 0.8717
0.7635 0.4150 0.8717
0.7822 0.4250 0.8600
0.7822 0.4250 0.8600
0.7822 0.4250 0.8600
0.7822 0.4250 0.8600
0.7822 0.4250 0.8600
0.7822 0.4250 0.8600
0.7649 0.4183 0.8742
0.7649 0.4183 0.8742
0.7649 0.4183 0.8742
0.7800 0.4250 0.8630
0.8052 0.4350 0.8427
0.8052 0.4350 0.8427
0.8052 0.4350 0.8427
0.8052 0.4350 0.8427
0.7822 0.4250 0.8600
0.7822 0.4250 0.8600
0.7822 0.4250 0.8600
0.7822 0.4250 0.8600
0.7822 0.4250 0.8600
0.7822 0.4250 0.8600
0.7995 0.4317 0.8458
0.7995 0.4317 0.8458
0.7995 0.4317 0.8458
0.7771 0.4183 0.8580
0.7771 0.4183 0.8580
0.7771 0.4183 0.8580
0.7771 0.4183 0.8580
0.7771 0.4183 0.8580
0.8084 0.4350 0.8384
0.8084 0.4350 0.8384
0.8084 0.4350 0.8384
0.8084 0.4350 0.8384
0.8084 0.4350 0.8384
0.7832 0.4250 0.8587
0.7832 0.4250 0.8587
0.7832 0.4250 0.8587
0.7832 0.4250 0.8587
0.7832 0.4250 0.8587
0.7832 0.4250 0.8587
0.7832 0.4250 0.8587
0.7832 0.4250 0.8587
0.7832 0.4250 0.8587
0.8236 0.4450 0.8314
0.8236 0.4450 0.8314
0.8027 0.4317 0.8415
0.8027 0.4317 0.8415
0.8027 0.4317 0.8415
0.7773 0.4217 0.8621
0.8211 0.4467 0.8370
0.8211 0.4467 0.8370
0.8211 0.4467 0.8370
0.8211 0.4467 0.8370
0.8211 0.4467 0.8370
0.8211 0.4467 0.8370
0.8026 0.4350 0.8462
0.8211 0.4467 0.8370
0.8211 0.4467 0.8370
0.8211 0.4467 0.8370
0.8211 0.4467 0.8370
0.8211 0.4467 0.8370
0.8211 0.4467 0.8370
0.8211 0.4467 0.8370
0.8211 0.4467 0.8370
0.8211 0.4467 0.8370
0.8211 0.4467 0.8370
0.8258 0.4467 0.8307
0.8258 0.4467 0.8307
0.8258 0.4467 0.8307
0.8258 0.4467 0.8307
0.8258 0.4467 0.8307
0.8258 0.4467 0.8307
0.8258 0.4467 0.8307
0.8177 0.4400 0.8326
0.8177 0.4400 0.8326
0.8177 0.4400 0.8326
0.8177 0.4400 0.8326
0.8177 0.4400 0.8326
0.8211 0.4467 0.8370
0.8183 0.4400 0.8318
0.8183 0.4400 0.8318
0.8183 0.4400 0.8318
0.8183 0.4400 0.8318
0.8183 0.4400 0.8318
0.8258 0.4467 0.8307
0.8258 0.4467 0.8307
0.8258 0.4467 0.8307
0.8258 0.4467 0.8307
0.8258 0.4467 0.8307
0.8183 0.4400 0.8318
0.8362 0.4483 0.8190
0.8183 0.4400 0.8318
0.8183 0.4400 0.8318
0.8183 0.4400 0.8318
0.8183 0.4400 0.8318
0.8183 0.4400 0.8318
0.8183 0.4400 0.8318
0.8183 0.4400 0.8318
0.8235 0.4500 0.8382
0.8258 0.4467 0.8307
0.8258 0.4467 0.8307
0.8127 0.4367 0.8348
0.8127 0.4367 0.8348
0.8127 0.4367 0.8348
0.8127 0.4367 0.8348
0.8127 0.4367 0.8348
0.8127 0.4367 0.8348
0.8127 0.4367 0.8348
0.8127 0.4367 0.8348
0.8127 0.4367 0.8348
0.8127 0.4367 0.8348
0.8127 0.4367 0.8348
0.8127 0.4367 0.8348
0.8127 0.4367 0.8348
0.8127 0.4367 0.8348
0.8127 0.4367 0.8348
0.8127 0.4367 0.8348
0.8127 0.4367 0.8348
0.8127 0.4367 0.8348
0.8127 0.4367 0.8348
0.8127 0.4367 0.8348
0.8127 0.4367 0.8348
0.8127 0.4367 0.8348
0.8127 0.4367 0.8348
0.8127 0.4367 0.8348
0.8127 0.4367 0.8348
0.8127 0.4367 0.8348
0.8127 0.4367 0.8348
0.8127 0.4367 0.8348
0.8127 0.4367 0.8348
0.8127 0.4367 0.8348
0.8127 0.4367 0.8348
0.8111 0.4383 0.8392
0.8111 0.4383 0.8392
0.8119 0.4383 0.8382
0.8119 0.4383 0.8382
0.8119 0.4383 0.8382
0.7899 0.4267 0.8519
0.8111 0.4383 0.8392
0.8111 0.4383 0.8392
0.7903 0.4267 0.8514
0.7903 0.4267 0.8514
0.7903 0.4267 0.8514
0.7903 0.4267 0.8514
0.7903 0.4267 0.8514
0.7903 0.4267 0.8514
0.8072 0.4317 0.8355
0.8072 0.4317 0.8355
0.8072 0.4317 0.8355
0.8072 0.4317 0.8355
0.8111 0.4383 0.8392
0.8111 0.4383 0.8392
0.8111 0.4383 0.8392
0.8111 0.4383 0.8392
0.8111 0.4383 0.8392
0.8111 0.4383 0.8392
0.8111 0.4383 0.8392
0.8111 0.4383 0.8392
0.8111 0.4383 0.8392
0.8111 0.4383 0.8392
0.8111 0.4383 0.8392
0.8111 0.4383 0.8392
0.8111 0.4383 0.8392
0.8120 0.4383 0.8381
0.8120 0.4383 0.8381
0.8120 0.4383 0.8381
0.8077 0.4317 0.8348
0.8077 0.4317 0.8348
0.8077 0.4317 0.8348
0.8077 0.4317 0.8348
0.8077 0.4317 0.8348
0.8077 0.4317 0.8348
0.8077 0.4317 0.8348
0.8077 0.4317 0.8348
0.7912 0.4267 0.8502
0.7912 0.4267 0.8502
0.8086 0.4317 0.8336
0.8086 0.4317 0.8336
0.8086 0.4317 0.8336
0.8086 0.4317 0.8336
0.8086 0.4317 0.8336
0.8086 0.4317 0.8336
0.8086 0.4317 0.8336
0.7869 0.4200 0.8470
0.7869 0.4200 0.8470
0.7869 0.4200 0.8470
0.8103 0.4333 0.8336
0.7811 0.4217 0.8570
0.7878 0.4200 0.8458
0.7878 0.4200 0.8458
0.7878 0.4200 0.8458
0.7878 0.4200 0.8458
0.7878 0.4200 0.8458
0.7822 0.4250 0.8601
0.7822 0.4250 0.8601
0.7822 0.4250 0.8601
0.7822 0.4250 0.8601
0.7822 0.4250 0.8601
0.7822 0.4250 0.8601
0.7822 0.4250 0.8601
0.7822 0.4250 0.8601
0.7822 0.4250 0.8601
0.7825 0.4250 0.8596
0.7825 0.4250 0.8596
0.7825 0.4250 0.8596
0.7825 0.4250 0.8596
0.7783 0.4150 0.8519
0.7783 0.4150 0.8519
0.7783 0.4150 0.8519
0.7783 0.4150 0.8519
0.7798 0.4200 0.8565
0.7798 0.4200 0.8565
0.7798 0.4200 0.8565
0.7798 0.4200 0.8565
0.7798 0.4200 0.8565
0.7798 0.4200 0.8565
0.7798 0.4200 0.8565
0.7809 0.4200 0.8551
0.7809 0.4200 0.8551
0.7809 0.4200 0.8551
0.7809 0.4200 0.8551
0.7809 0.4200 0.8551
0.7809 0.4200 0.8551
0.7809 0.4200 0.8551
0.7809 0.4200 0.8551
0.7809 0.4200 0.8551
0.7809 0.4200 0.8551
0.7809 0.4200 0.8551
0.7798 0.4200 0.8565
0.7844 0.4200 0.8505
0.7805 0.4200 0.8556
0.7846 0.4217 0.8524
0.7846 0.4217 0.8524
0.7769 0.4133 0.8515
0.7769 0.4133 0.8515
0.7769 0.4133 0.8515
0.7769 0.4133 0.8515
0.7786 0.4150 0.8514
0.7846 0.4217 0.8524
0.7846 0.4217 0.8524
0.7846 0.4217 0.8524
0.7783 0.4150 0.8519
0.7783 0.4150 0.8519
0.7783 0.4150 0.8519
0.7783 0.4150 0.8519
0.7783 0.4150 0.8519
0.7783 0.4150 0.8519
0.7783 0.4150 0.8519
0.7786 0.4150 0.8514
0.7786 0.4150 0.8514
0.7786 0.4150 0.8514
0.7786 0.4150 0.8514
0.7786 0.4150 0.8514
0.7806 0.4150 0.8488
0.7783 0.4100 0.8452
0.7783 0.4100 0.8452
0.7820 0.4167 0.8492
0.7820 0.4167 0.8492
0.7820 0.4167 0.8492
0.7820 0.4167 0.8492
0.7820 0.4167 0.8492
0.7820 0.4167 0.8492
0.7835 0.4167 0.8472
0.7835 0.4167 0.8472
0.7835 0.4167 0.8472
0.7787 0.4150 0.8513
0.7787 0.4150 0.8513
0.7787 0.4150 0.8513
0.7787 0.4150 0.8513
0.7787 0.4150 0.8513
0.7787 0.4150 0.8513
0.7835 0.4167 0.8472
0.7835 0.4167 0.8472
0.7835 0.4167 0.8472
0.7835 0.4167 0.8472
0.7835 0.4167 0.8472
0.7835 0.4167 0.8472
0.7841 0.4167 0.8464
0.7841 0.4167 0.8464
0.7841 0.4167 0.8464
0.7841 0.4167 0.8464
0.7841 0.4167 0.8464
0.7841 0.4167 0.8464
0.7841 0.4167 0.8464
0.7854 0.4167 0.8445
0.7854 0.4167 0.8445
0.7854 0.4167 0.8445
0.7854 0.4167 0.8445
0.7854 0.4167 0.8445
0.7841 0.4167 0.8464
0.7841 0.4167 0.8464
0.7841 0.4167 0.8464
0.7841 0.4167 0.8464
0.7841 0.4167 0.8464
0.7841 0.4167 0.8464
0.7841 0.4167 0.8464
0.7841 0.4167 0.8464
0.7841 0.4167 0.8464
0.7841 0.4167 0.8464
0.7841 0.4167 0.8464
0.7866 0.4183 0.8452
0.7866 0.4183 0.8452
0.7841 0.4167 0.8464
0.7808 0.4150 0.8485
0.7808 0.4150 0.8485
0.7808 0.4150 0.8485
0.7808 0.4150 0.8485
0.7808 0.4150 0.8485
0.7808 0.4150 0.8485
0.7923 0.4200 0.8398
0.7927 0.4200 0.8393
0.7927 0.4200 0.8393
0.7927 0.4200 0.8393
0.7927 0.4200 0.8393
0.7927 0.4200 0.8393
0.7927 0.4200 0.8393
0.7927 0.4200 0.8393
0.7927 0.4200 0.8393
0.7927 0.4200 0.8393
0.8038 0.4200 0.8244
0.8038 0.4200 0.8244
0.8038 0.4200 0.8244
0.8038 0.4200 0.8244
0.8038 0.4200 0.8244
0.8038 0.4200 0.8244
0.8038 0.4200 0.8244
0.8038 0.4200 0.8244
0.8038 0.4200 0.8244
0.8038 0.4200 0.8244
0.8038 0.4200 0.8244
0.8038 0.4200 0.8244
0.8038 0.4200 0.8244
0.8038 0.4200 0.8244
0.8036 0.4200 0.8247
0.8038 0.4200 0.8244
0.8038 0.4200 0.8244
0.8038 0.4200 0.8244
0.8038 0.4200 0.8244
0.8038 0.4200 0.8244
0.8038 0.4200 0.8244
0.8038 0.4200 0.8244
0.8054 0.4217 0.8246
0.8054 0.4217 0.8246
0.8054 0.4217 0.8246
0.8054 0.4217 0.8246
0.8038 0.4200 0.8244
0.8038 0.4200 0.8244
0.8038 0.4200 0.8244
0.8038 0.4200 0.8244
0.8006 0.4183 0.8264
0.8054 0.4217 0.8246
0.8054 0.4217 0.8246
0.8054 0.4217 0.8246
0.8054 0.4217 0.8246
0.8054 0.4217 0.8246
0.8054 0.4217 0.8246
0.8054 0.4217 0.8246
0.8054 0.4217 0.8246
0.8100 0.4233 0.8206
0.8010 0.4183 0.8260
0.8010 0.4183 0.8260
0.8010 0.4183 0.8260
0.8081 0.4233 0.8231
0.8081 0.4233 0.8231
0.8081 0.4233 0.8231
0.8081 0.4233 0.8231
0.8016 0.4183 0.8252
0.8016 0.4183 0.8252
0.8016 0.4183 0.8252
0.8016 0.4183 0.8252
0.8016 0.4183 0.8252
0.8016 0.4183 0.8252
0.8016 0.4183 0.8252
0.8016 0.4183 0.8252
0.8016 0.4183 0.8252
0.8044 0.4200 0.8236
0.8044 0.4200 0.8236
0.8044 0.4200 0.8236
0.8044 0.4200 0.8236
0.8044 0.4200 0.8236
0.8044 0.4200 0.8236
0.8044 0.4200 0.8236
0.8044 0.4200 0.8236
0.8044 0.4200 0.8236
0.8044 0.4200 0.8236
0.8044 0.4200 0.8236
0.8044 0.4200 0.8236
0.8044 0.4200 0.8236
0.8044 0.4200 0.8236
0.8044 0.4200 0.8236
0.8044 0.4200 0.8236
0.8044 0.4200 0.8236
0.8044 0.4200 0.8236
0.8044 0.4200 0.8236
0.8090 0.4217 0.8198
0.8090 0.4217 0.8198
0.8090 0.4217 0.8198
0.8090 0.4217 0.8198
0.8090 0.4217 0.8198
0.8044 0.4200 0.8236
0.8044 0.4200 0.8236
0.8044 0.4200 0.8236
0.8044 0.4200 0.8236
0.8044 0.4200 0.8236
0.8044 0.4200 0.8236
0.8044 0.4200 0.8236
0.8044 0.4200 0.8236
0.8044 0.4200 0.8236
0.8044 0.4200 0.8236
0.8370 0.4367 0.8023
0.8370 0.4367 0.8023
0.8370 0.4367 0.8023
0.8370 0.4367 0.8023
0.8370 0.4367 0.8023
0.8370 0.4367 0.8023
0.8370 0.4367 0.8023
0.8045 0.4200 0.8235
0.8421 0.4367 0.7955
0.8421 0.4367 0.7955
0.8421 0.4367 0.7955
0.8421 0.4367 0.7955
0.8421 0.4367 0.7955
0.8090 0.4217 0.8198
0.8145 0.4250 0.8168
0.8145 0.4250 0.8168
0.8145 0.4250 0.8168
0.8145 0.4250 0.8168
0.8145 0.4250 0.8168
0.8145 0.4250 0.8168
0.8145 0.4250 0.8168
0.8145 0.4250 0.8168
0.8145 0.4250 0.8168
0.8146 0.4250 0.8167
0.8146 0.4250 0.8167
0.8146 0.4250 0.8167
0.8146 0.4250 0.8167
0.8146 0.4250 0.8167
0.8190 0.4267 0.8130
0.8190 0.4267 0.8130
0.8136 0.4233 0.8158
0.8136 0.4233 0.8158
0.8136 0.4233 0.8158
0.8136 0.4233 0.8158
0.8136 0.4233 0.8158
0.8136 0.4233 0.8158
0.8136 0.4233 0.8158
0.8136 0.4233 0.8158
0.8136 0.4233 0.8158
0.7990 0.4183 0.8286
0.7990 0.4183 0.8286
0.7993 0.4183 0.8282
0.7993 0.4183 0.8282
0.7993 0.4183 0.8282
0.7993 0.4183 0.8282
0.7993 0.4183 0.8282
0.7993 0.4183 0.8282
0.7983 0.4167 0.8274
0.8240 0.4283 0.8086
0.8240 0.4283 0.8086
0.8240 0.4283 0.8086
0.8240 0.4283 0.8086
0.8240 0.4283 0.8086
0.8240 0.4283 0.8086
0.8240 0.4283 0.8086
0.8240 0.4283 0.8086
0.8240 0.4283 0.8086
0.8240 0.4283 0.8086
0.8240 0.4283 0.8086
0.8240 0.4283 0.8086
0.8240 0.4283 0.8086
0.8240 0.4283 0.8086
0.8240 0.4283 0.8086
0.8240 0.4283 0.8086
0.8240 0.4283 0.8086
0.8240 0.4283 0.8086
0.8141 0.4233 0.8151
0.8141 0.4233 0.8151
0.8141 0.4233 0.8151
0.8141 0.4233 0.8151
0.8141 0.4233 0.8151
0.8141 0.4233 0.8151
0.8141 0.4233 0.8151
0.8141 0.4233 0.8151
0.8294 0.4317 0.8057
0.8294 0.4317 0.8057
0.8294 0.4317 0.8057
0.8294 0.4317 0.8057
0.8294 0.4317 0.8057
0.8294 0.4317 0.8057
0.8294 0.4317 0.8057
0.8294 0.4317 0.8057
0.8294 0.4317 0.8057
0.8294 0.4317 0.8057
0.8294 0.4317 0.8057
0.8294 0.4317 0.8057
0.8294 0.4317 0.8057
0.8294 0.4317 0.8057
0.8197 0.4267 0.8121
0.8197 0.4267 0.8121
0.8197 0.4267 0.8121
0.8197 0.4267 0.8121
0.8197 0.4267 0.8121
0.8197 0.4267 0.8121
0.8197 0.4267 0.8121
0.8197 0.4267 0.8121
0.8197 0.4267 0.8121
0.8197 0.4267 0.8121
0.8197 0.4267 0.8121
0.8197 0.4267 0.8121
0.8197 0.4267 0.8121
0.8242 0.4283 0.8084
0.8242 0.4283 0.8084
0.8242 0.4283 0.8084
0.8242 0.4283 0.8084
0.8242 0.4283 0.8084
0.8242 0.4283 0.8084
0.8242 0.4283 0.8084
0.8242 0.4283 0.8084
0.8242 0.4283 0.8084
0.8242 0.4283 0.8084
0.8242 0.4283 0.8084
0.8242 0.4283 0.8084
0.8242 0.4283 0.8084
0.8242 0.4283 0.8084
0.8076 0.4200 0.8193
0.8076 0.4200 0.8193
0.8245 0.4283 0.8079
0.8245 0.4283 0.8079
0.8245 0.4283 0.8079
0.8245 0.4283 0.8079
0.8245 0.4283 0.8079
0.8245 0.4283 0.8079
0.8245 0.4283 0.8079
0.8245 0.4283 0.8079
0.8245 0.4283 0.8079
0.8245 0.4283 0.8079
0.8245 0.4283 0.8079
0.8245 0.4283 0.8079
0.8245 0.4283 0.8079
0.8245 0.4283 0.8079
0.8246 0.4283 0.8078
0.8246 0.4283 0.8078
0.8246 0.4283 0.8078
0.8246 0.4283 0.8078
0.8246 0.4283 0.8078
0.8246 0.4283 0.8078
0.8246 0.4283 0.8078
0.8246 0.4283 0.8078
0.8246 0.4283 0.8078
0.8246 0.4283 0.8078
0.8246 0.4283 0.8078
0.8246 0.4283 0.8078
0.8037 0.4200 0.8246
0.8245 0.4283 0.8079
0.8245 0.4283 0.8079
0.8245 0.4283 0.8079
0.8245 0.4283 0.8079
0.8245 0.4283 0.8079
0.8245 0.4283 0.8079
0.8245 0.4283 0.8079
0.8245 0.4283 0.8079
0.8052 0.4200 0.8225
0.8052 0.4200 0.8225
0.8052 0.4200 0.8225
0.8052 0.4200 0.8225
0.8052 0.4200 0.8225
0.8052 0.4200 0.8225
0.8052 0.4200 0.8225
0.8052 0.4200 0.8225
0.8463 0.4383 0.7921
0.8463 0.4383 0.7921
0.8463 0.4383 0.7921
0.8463 0.4383 0.7921
0.8052 0.4200 0.8225
0.8052 0.4200 0.8225
0.8052 0.4200 0.8225
0.8052 0.4200 0.8225
0.8052 0.4200 0.8225
0.8052 0.4200 0.8225
0.8052 0.4200 0.8225
0.8052 0.4200 0.8225
0.8052 0.4200 0.8225
0.8052 0.4200 0.8225
0.8052 0.4200 0.8225
0.8052 0.4200 0.8225
0.8052 0.4200 0.8225
0.8052 0.4200 0.8225
0.8052 0.4200 0.8225
0.8052 0.4200 0.8225
0.8052 0.4200 0.8225
0.8052 0.4200 0.8225
0.8052 0.4200 0.8225
0.8052 0.4200 0.8225
0.8052 0.4200 0.8225
0.8052 0.4200 0.8225
0.8052 0.4200 0.8225
0.8052 0.4200 0.8225
0.8052 0.4200 0.8225
0.8040 0.4200 0.8242
0.8040 0.4200 0.8242
0.8040 0.4200 0.8242
0.8052 0.4200 0.8225
0.8052 0.4200 0.8225
0.8052 0.4200 0.8225
0.8052 0.4200 0.8225
0.8040 0.4200 0.8242
0.8040 0.4200 0.8242
0.8040 0.4200 0.8242
0.8040 0.4200 0.8242
0.8040 0.4200 0.8242
0.8040 0.4200 0.8242
0.8040 0.4200 0.8242
0.8088 0.4250 0.8245
0.8088 0.4250 0.8245
0.8088 0.4250 0.8245
0.8088 0.4250 0.8245
0.8088 0.4250 0.8245
0.7994 0.4183 0.8281
0.7994 0.4183 0.8281
0.7994 0.4183 0.8281
0.7994 0.4183 0.8281
0.7994 0.4183 0.8281
0.7994 0.4183 0.8281
0.7994 0.4183 0.8281
0.7994 0.4183 0.8281
0.7994 0.4183 0.8281
0.7994 0.4183 0.8281
0.8094 0.4250 0.8237
0.8094 0.4250 0.8237
0.8094 0.4250 0.8237
0.8094 0.4250 0.8237
0.8094 0.4250 0.8237
0.8094 0.4250 0.8237
0.8094 0.4250 0.8237
0.8029 0.4233 0.8300
0.8029 0.4233 0.8300
0.8029 0.4233 0.8300
0.8029 0.4233 0.8300
0.8029 0.4233 0.8300
0.8029 0.4233 0.8300
0.8029 0.4233 0.8300
0.7994 0.4183 0.8281
0.7994 0.4183 0.8281
0.7994 0.4183 0.8281
0.7994 0.4183 0.8281
0.7994 0.4183 0.8281
0.7994 0.4183 0.8281
0.7994 0.4183 0.8281
0.7994 0.4183 0.8281
0.7994 0.4183 0.8281
0.7994 0.4183 0.8281
0.7994 0.4183 0.8281
0.7994 0.4183 0.8281
0.8454 0.4417 0.7978
0.8454 0.4417 0.7978
0.8333 0.4333 0.8029
0.8333 0.4333 0.8029
0.8333 0.4333 0.8029
0.8333 0.4333 0.8029
0.8333 0.4333 0.8029
0.8333 0.4333 0.8029
0.8333 0.4333 0.8029
0.8333 0.4333 0.8029
0.7994 0.4183 0.8281
0.8420 0.4367 0.7956
0.8333 0.4333 0.8029
0.8333 0.4333 0.8029
0.8333 0.4333 0.8029
0.8333 0.4333 0.8029
0.8333 0.4333 0.8029
0.8333 0.4333 0.8029
0.8333 0.4333 0.8029
0.8456 0.4417 0.7975
0.8456 0.4417 0.7975
0.8456 0.4417 0.7975
0.8456 0.4417 0.7975
0.8456 0.4417 0.7975
0.8456 0.4417 0.7975
0.8456 0.4417 0.7975
0.8456 0.4417 0.7975
0.8456 0.4417 0.7975
0.8456 0.4417 0.7975
0.8456 0.4417 0.7975
0.8456 0.4417 0.7975
0.8367 0.4383 0.8050
0.8367 0.4383 0.8050
0.8367 0.4383 0.8050
0.8584 0.4467 0.7871
0.8584 0.4467 0.7871
0.8584 0.4467 0.7871
0.8584 0.4467 0.7871
0.8584 0.4467 0.7871
0.8584 0.4467 0.7871
0.8584 0.4467 0.7871
0.8584 0.4467 0.7871
0.8584 0.4467 0.7871
0.8584 0.4467 0.7871
0.8584 0.4467 0.7871
0.8584 0.4467 0.7871
0.8584 0.4467 0.7871
0.8367 0.4383 0.8050
0.8367 0.4383 0.8050
0.8367 0.4383 0.8050
0.8367 0.4383 0.8050
0.8367 0.4383 0.8050
0.8367 0.4383 0.8050
0.8367 0.4383 0.8050
0.8367 0.4383 0.8050
0.8367 0.4383 0.8050
0.8367 0.4383 0.8050
0.8367 0.4383 0.8050
0.8367 0.4383 0.8050
0.8367 0.4383 0.8050
0.8367 0.4383 0.8050
0.8367 0.4383 0.8050
0.8367 0.4383 0.8050
0.8367 0.4383 0.8050
0.8367 0.4383 0.8050
0.8367 0.4383 0.8050
0.8367 0.4383 0.8050
0.8367 0.4383 0.8050
0.8367 0.4383 0.8050
0.8367 0.4383 0.8050
0.8367 0.4383 0.8050
0.8367 0.4383 0.8050
0.8367 0.4383 0.8050
0.8367 0.4383 0.8050
0.8367 0.4383 0.8050
0.8367 0.4383 0.8050
0.8367 0.4383 0.8050
0.8367 0.4383 0.8050
0.8367 0.4383 0.8050
0.8367 0.4383 0.8050
0.8367 0.4383 0.8050
0.8367 0.4383 0.8050
0.8319 0.4367 0.8092
0.8319 0.4367 0.8092
0.8319 0.4367 0.8092
0.8319 0.4367 0.8092
0.8319 0.4367 0.8092
0.8319 0.4367 0.8092
0.8319 0.4367 0.8092
0.8319 0.4367 0.8092
0.8319 0.4367 0.8092
0.8367 0.4383 0.8050
0.8367 0.4383 0.8050
0.8367 0.4383 0.8050
0.8367 0.4383 0.8050
0.8367 0.4383 0.8050
0.8367 0.4383 0.8050
0.8367 0.4383 0.8050
0.8367 0.4383 0.8050
0.8367 0.4383 0.8050
0.8367 0.4383 0.8050
0.8367 0.4383 0.8050
0.8367 0.4383 0.8050
0.8493 0.4433 0.7947
0.8493 0.4433 0.7947
0.8493 0.4433 0.7947
0.8493 0.4433 0.7947
0.8493 0.4433 0.7947
0.8493 0.4433 0.7947
0.8493 0.4433 0.7947
0.8493 0.4433 0.7947
0.8493 0.4433 0.7947
0.8493 0.4433 0.7947
0.8454 0.4417 0.7978
0.8454 0.4417 0.7978
0.8454 0.4417 0.7978
0.8454 0.4417 0.7978
0.8454 0.4417 0.7978
0.8454 0.4417 0.7978
0.8454 0.4417 0.7978
0.8454 0.4417 0.7978
0.8357 0.4367 0.8040
0.8357 0.4367 0.8040
0.8357 0.4367 0.8040
0.8357 0.4367 0.8040
0.8357 0.4367 0.8040
0.8357 0.4367 0.8040
0.8493 0.4433 0.7947
0.8493 0.4433 0.7947
0.8493 0.4433 0.7947
0.8493 0.4433 0.7947
0.8493 0.4433 0.7947
0.8493 0.4433 0.7947
0.8493 0.4433 0.7947
0.8515 0.4433 0.7919
0.8515 0.4433 0.7919
0.8515 0.4433 0.7919
0.8515 0.4433 0.7919
0.8515 0.4433 0.7919
0.8515 0.4433 0.7919
0.8582 0.4467 0.7874
0.8582 0.4467 0.7874
0.8582 0.4467 0.7874
0.8582 0.4467 0.7874
0.8582 0.4467 0.7874
0.8582 0.4467 0.7874
0.8582 0.4467 0.7874
0.8582 0.4467 0.7874
0.8378 0.4383 0.8035
0.8378 0.4383 0.8035
0.8453 0.4433 0.8002
0.8453 0.4433 0.8002
0.8453 0.4433 0.8002
0.8453 0.4433 0.8002
0.8453 0.4433 0.8002
0.8453 0.4433 0.8002
0.8453 0.4433 0.8002
0.8453 0.4433 0.8002
0.8453 0.4433 0.8002
0.8453 0.4433 0.8002
0.8453 0.4433 0.8002
0.8453 0.4433 0.8002
0.8453 0.4433 0.8002
0.8453 0.4433 0.8002
0.8453 0.4433 0.8002
0.8453 0.4433 0.8002
0.8453 0.4433 0.8002
0.8453 0.4433 0.8002
0.8453 0.4433 0.8002
0.8453 0.4433 0.8002
0.8453 0.4433 0.8002
0.8453 0.4433 0.8002
0.8453 0.4433 0.8002
0.8453 0.4433 0.8002
0.8453 0.4433 0.8002
0.8453 0.4433 0.8002
0.8453 0.4433 0.8002
0.8453 0.4433 0.8002
0.8453 0.4433 0.8002
0.8453 0.4433 0.8002
0.8453 0.4433 0.8002
0.8453 0.4433 0.8002
0.8453 0.4433 0.8002
0.8453 0.4433 0.8002
0.8453 0.4433 0.8002
0.8453 0.4433 0.8002
0.8453 0.4433 0.8002
0.8541 0.4467 0.7928
0.8541 0.4467 0.7928
0.8541 0.4467 0.7928
0.8541 0.4467 0.7928
0.8541 0.4467 0.7928
0.8541 0.4467 0.7928
0.8541 0.4467 0.7928
0.8541 0.4467 0.7928
0.8541 0.4467 0.7928
0.8541 0.4467 0.7928
0.8541 0.4467 0.7928
0.8541 0.4467 0.7928
0.8541 0.4467 0.7928
0.8541 0.4467 0.7928
0.8541 0.4467 0.7928
0.8541 0.4467 0.7928
0.8541 0.4467 0.7928
0.8541 0.4467 0.7928
0.8541 0.4467 0.7928
0.8541 0.4467 0.7928
0.8541 0.4467 0.7928
0.8541 0.4467 0.7928
0.8541 0.4467 0.7928
0.8541 0.4467 0.7928
0.8541 0.4467 0.7928
0.8541 0.4467 0.7928
0.8541 0.4467 0.7928
0.8541 0.4467 0.7928
0.8541 0.4467 0.7928
0.8541 0.4467 0.7928
0.8541 0.4467 0.7928
0.8541 0.4467 0.7928
0.8541 0.4467 0.7928
0.8541 0.4467 0.7928
0.8541 0.4467 0.7928
0.8541 0.4467 0.7928
0.8541 0.4467 0.7928
0.8541 0.4467 0.7928
0.8541 0.4467 0.7928
0.8541 0.4467 0.7928
0.8541 0.4467 0.7928
0.8541 0.4467 0.7928
0.8541 0.4467 0.7928
0.8541 0.4467 0.7928
0.8541 0.4467 0.7928
0.8541 0.4467 0.7928
0.8541 0.4467 0.7928
0.8541 0.4467 0.7928
0.8541 0.4467 0.7928
0.8541 0.4467 0.7928
0.8541 0.4467 0.7928
0.8541 0.4467 0.7928
0.8541 0.4467 0.7928
0.8541 0.4467 0.7928
0.8541 0.4467 0.7928
0.8541 0.4467 0.7928
0.8541 0.4467 0.7928
0.8541 0.4467 0.7928
0.8541 0.4467 0.7928
0.8541 0.4467 0.7928
0.8541 0.4467 0.7928
0.8541 0.4467 0.7928
0.8541 0.4467 0.7928
0.8541 0.4467 0.7928
0.8541 0.4467 0.7928
0.8541 0.4467 0.7928
0.8541 0.4467 0.7928
0.8541 0.4467 0.7928
0.8541 0.4467 0.7928
0.8541 0.4467 0.7928
0.8541 0.4467 0.7928
0.8541 0.4467 0.7928
0.8541 0.4467 0.7928
0.8541 0.4467 0.7928
0.8541 0.4467 0.7928
0.8541 0.4467 0.7928
0.8541 0.4467 0.7928
0.8541 0.4467 0.7928
0.8541 0.4467 0.7928
0.8541 0.4467 0.7928
0.8541 0.4467 0.7928
0.8541 0.4467 0.7928
0.8541 0.4467 0.7928
0.8541 0.4467 0.7928
0.8541 0.4467 0.7928
0.8541 0.4467 0.7928
0.8541 0.4467 0.7928
0.8541 0.4467 0.7928
0.8544 0.4467 0.7925
0.8544 0.4467 0.7925
0.8544 0.4467 0.7925
0.8544 0.4467 0.7925
0.8544 0.4467 0.7925
0.8544 0.4467 0.7925
0.8544 0.4467 0.7925
0.8544 0.4467 0.7925
0.8544 0.4467 0.7925
0.8544 0.4467 0.7925
0.8544 0.4467 0.7925
0.8544 0.4467 0.7925
0.8544 0.4467 0.7925
0.8544 0.4467 0.7925
0.8544 0.4467 0.7925
0.8544 0.4467 0.7925
0.8544 0.4467 0.7925
0.8544 0.4467 0.7925
0.8544 0.4467 0.7925
0.8544 0.4467 0.7925
0.8544 0.4467 0.7925
0.8544 0.4467 0.7925
0.8544 0.4467 0.7925
0.8544 0.4467 0.7925
0.8544 0.4467 0.7925
0.8544 0.4467 0.7925
0.8544 0.4467 0.7925
0.8544 0.4467 0.7925
0.8544 0.4467 0.7925
0.8544 0.4467 0.7925
0.8544 0.4467 0.7925
0.8544 0.4467 0.7925
0.8544 0.4467 0.7925
0.8544 0.4467 0.7925
0.8544 0.4467 0.7925
0.8544 0.4467 0.7925
0.8544 0.4467 0.7925
0.8544 0.4467 0.7925
0.8544 0.4467 0.7925
0.8544 0.4467 0.7925
0.8544 0.4467 0.7925
0.8544 0.4467 0.7925
0.8544 0.4467 0.7925
0.8544 0.4467 0.7925
0.8544 0.4467 0.7925
0.8544 0.4467 0.7925
0.8544 0.4467 0.7925
0.8544 0.4467 0.7925
0.8544 0.4467 0.7925
0.8544 0.4467 0.7925
0.8544 0.4467 0.7925
0.8544 0.4467 0.7925
0.8544 0.4467 0.7925
0.8544 0.4467 0.7925
0.8544 0.4467 0.7925
0.8544 0.4467 0.7925
0.8544 0.4467 0.7925
0.8544 0.4467 0.7925
0.8544 0.4467 0.7925
0.8544 0.4467 0.7925
0.8544 0.4467 0.7925
0.8544 0.4467 0.7925
0.8544 0.4467 0.7925
0.8544 0.4467 0.7925
0.8544 0.4467 0.7925
0.8544 0.4467 0.7925
0.8544 0.4467 0.7925
0.8544 0.4467 0.7925
0.8544 0.4467 0.7925
0.8544 0.4467 0.7925
0.8544 0.4467 0.7925
0.8544 0.4467 0.7925
0.8544 0.4467 0.7925
0.8544 0.4467 0.7925
0.8544 0.4467 0.7925
0.8544 0.4467 0.7925
0.8544 0.4467 0.7925
0.8544 0.4467 0.7925
0.8544 0.4467 0.7925
0.8544 0.4467 0.7925
0.8544 0.4467 0.7925
0.8544 0.4467 0.7925
0.8544 0.4467 0.7925
0.8544 0.4467 0.7925
0.8544 0.4467 0.7925
0.8544 0.4467 0.7925
0.8544 0.4467 0.7925
0.8544 0.4467 0.7925
0.8544 0.4467 0.7925
0.8544 0.4467 0.7925
0.8544 0.4467 0.7925
0.8544 0.4467 0.7925
0.8544 0.4467 0.7925
0.8544 0.4467 0.7925
0.8544 0.4467 0.7925
0.8544 0.4467 0.7925
0.8544 0.4467 0.7925
0.8544 0.4467 0.7925
0.8544 0.4467 0.7925
0.8544 0.4467 0.7925
0.8544 0.4467 0.7925
0.8544 0.4467 0.7925
0.8544 0.4467 0.7925
0.8544 0.4467 0.7925
0.8544 0.4467 0.7925
0.8544 0.4467 0.7925
0.8544 0.4467 0.7925
0.8544 0.4467 0.7925
0.8544 0.4467 0.7925
0.8544 0.4467 0.7925
0.8544 0.4467 0.7925
0.8544 0.4467 0.7925
0.8544 0.4467 0.7925
0.8544 0.4467 0.7925
0.8544 0.4467 0.7925
0.8544 0.4467 0.7925
0.8544 0.4467 0.7925
0.8544 0.4467 0.7925
0.8544 0.4467 0.7925
0.8544 0.4467 0.7925
0.8544 0.4467 0.7925
0.8544 0.4467 0.7925
0.8544 0.4467 0.7925
0.8544 0.4467 0.7925
0.8544 0.4467 0.7925
0.8544 0.4467 0.7925
0.8544 0.4467 0.7925
0.8544 0.4467 0.7925
0.8544 0.4467 0.7925
0.8544 0.4467 0.7925
0.8544 0.4467 0.7925
0.8544 0.4467 0.7925
0.8544 0.4467 0.7925
0.8544 0.4467 0.7925
0.8544 0.4467 0.7925
0.8544 0.4467 0.7925
0.8544 0.4467 0.7925
0.8544 0.4467 0.7925
0.8544 0.4467 0.7925
0.8544 0.4467 0.7925
0.8544 0.4467 0.7925
0.8544 0.4467 0.7925
0.8544 0.4467 0.7925
0.8544 0.4467 0.7925
0.8544 0.4467 0.7925
0.8544 0.4467 0.7925
0.8544 0.4467 0.7925
0.8544 0.4467 0.7925
0.8544 0.4467 0.7925
0.8544 0.4467 0.7925
0.8544 0.4467 0.7925
0.8544 0.4467 0.7925
0.8544 0.4467 0.7925
0.8544 0.4467 0.7925
0.8544 0.4467 0.7925
0.8544 0.4467 0.7925
0.8544 0.4467 0.7925
0.8544 0.4467 0.7925
0.8544 0.4467 0.7925
0.8544 0.4467 0.7925
0.8544 0.4467 0.7925
0.8544 0.4467 0.7925
0.8544 0.4467 0.7925
0.8544 0.4467 0.7925
0.8544 0.4467 0.7925
0.8544 0.4467 0.7925
0.8544 0.4467 0.7925
0.8544 0.4467 0.7925
0.8544 0.4467 0.7925
0.8544 0.4467 0.7925
0.8544 0.4467 0.7925
0.8544 0.4467 0.7925
0.8544 0.4467 0.7925
0.8544 0.4467 0.7925
0.8544 0.4467 0.7925
0.8544 0.4467 0.7925
0.8544 0.4467 0.7925
0.8544 0.4467 0.7925
0.8544 0.4467 0.7925
0.8544 0.4467 0.7925
0.8544 0.4467 0.7925
0.8544 0.4467 0.7925
0.8544 0.4467 0.7925
0.8544 0.4467 0.7925
0.8544 0.4467 0.7925
0.8544 0.4467 0.7925
0.8544 0.4467 0.7925
0.8544 0.4467 0.7925
0.8544 0.4467 0.7925
0.8544 0.4467 0.7925
0.8544 0.4467 0.7925
0.8544 0.4467 0.7925
0.8544 0.4467 0.7925
0.8544 0.4467 0.7925
0.8544 0.4467 0.7925
0.8544 0.4467 0.7925
0.8544 0.4467 0.7925
0.8544 0.4467 0.7925
0.8544 0.4467 0.7925
0.8544 0.4467 0.7925
0.8544 0.4467 0.7925
0.8544 0.4467 0.7925
0.8544 0.4467 0.7925
0.8544 0.4467 0.7925
0.8544 0.4467 0.7925
0.8544 0.4467 0.7925
0.8544 0.4467 0.7925
0.8544 0.4467 0.7925
0.8544 0.4467 0.7925
0.8544 0.4467 0.7925
0.8544 0.4467 0.7925
0.8544 0.4467 0.7925
0.8544 0.4467 0.7925
0.8544 0.4467 0.7925
0.8544 0.4467 0.7925
0.8544 0.4467 0.7925
0.8544 0.4467 0.7925
0.8544 0.4467 0.7925
0.8544 0.4467 0.7925
0.8544 0.4467 0.7925
0.8544 0.4467 0.7925
0.8544 0.4467 0.7925
0.8544 0.4467 0.7925
0.8544 0.4467 0.7925
0.8544 0.4467 0.7925
0.8544 0.4467 0.7925
0.8544 0.4467 0.7925
0.8544 0.4467 0.7925
0.8544 0.4467 0.7925
0.8544 0.4467 0.7925
0.8544 0.4467 0.7925
0.8544 0.4467 0.7925
0.8544 0.4467 0.7925
0.8544 0.4467 0.7925
0.8544 0.4467 0.7925
0.8544 0.4467 0.7925
0.8544 0.4467 0.7925
0.8544 0.4467 0.7925
0.8544 0.4467 0.7925
0.8544 0.4467 0.7925
0.8544 0.4467 0.7925
0.8544 0.4467 0.7925
0.8544 0.4467 0.7925
0.8544 0.4467 0.7925
0.8544 0.4467 0.7925
0.8544 0.4467 0.7925
0.8544 0.4467 0.7925
0.8544 0.4467 0.7925
0.8544 0.4467 0.7925
0.8544 0.4467 0.7925
0.8544 0.4467 0.7925
0.8544 0.4467 0.7925
0.8544 0.4467 0.7925
0.8544 0.4467 0.7925
0.8544 0.4467 0.7925
0.8544 0.4467 0.7925
0.8544 0.4467 0.7925
0.8544 0.4467 0.7925
0.8544 0.4467 0.7925
0.8544 0.4467 0.7925
0.8544 0.4467 0.7925
0.8544 0.4467 0.7925
0.8544 0.4467 0.7925
0.8544 0.4467 0.7925
0.8544 0.4467 0.7925
0.8544 0.4467 0.7925
0.8544 0.4467 0.7925
0.8544 0.4467 0.7925
0.8544 0.4467 0.7925
0.8544 0.4467 0.7925
0.8544 0.4467 0.7925
0.8544 0.4467 0.7925
0.8544 0.4467 0.7925
0.8544 0.4467 0.7925
0.8544 0.4467 0.7925
0.8544 0.4467 0.7925
0.8544 0.4467 0.7925
0.8544 0.4467 0.7925
0.8544 0.4467 0.7925
0.8544 0.4467 0.7925
0.8544 0.4467 0.7925
0.8544 0.4467 0.7925
0.8544 0.4467 0.7925
0.8544 0.4467 0.7925
0.8544 0.4467 0.7925
0.8544 0.4467 0.7925
0.8544 0.4467 0.7925
0.8544 0.4467 0.7925
0.8544 0.4467 0.7925
0.8544 0.4467 0.7925
0.8544 0.4467 0.7925
0.8544 0.4467 0.7925
0.8544 0.4467 0.7925
0.8544 0.4467 0.7925
0.8544 0.4467 0.7925
0.8544 0.4467 0.7925
0.8544 0.4467 0.7925
0.8544 0.4467 0.7925
0.8544 0.4467 0.7925
0.8544 0.4467 0.7925
0.8544 0.4467 0.7925
0.8544 0.4467 0.7925
0.8544 0.4467 0.7925
0.8544 0.4467 0.7925
0.8544 0.4467 0.7925
0.8544 0.4467 0.7925
0.8544 0.4467 0.7925
0.8544 0.4467 0.7925
0.8544 0.4467 0.7925
0.8544 0.4467 0.7925
0.8544 0.4467 0.7925
0.8544 0.4467 0.7925
0.8544 0.4467 0.7925
0.8544 0.4467 0.7925
0.8544 0.4467 0.7925
0.8544 0.4467 0.7925
0.8544 0.4467 0.7925
0.8544 0.4467 0.7925
0.8544 0.4467 0.7925
0.8544 0.4467 0.7925
0.8544 0.4467 0.7925
0.8544 0.4467 0.7925
0.8544 0.4467 0.7925
0.8544 0.4467 0.7925
0.8544 0.4467 0.7925
0.8544 0.4467 0.7925
0.8544 0.4467 0.7925
0.8544 0.4467 0.7925
0.8544 0.4467 0.7925
0.8544 0.4467 0.7925
0.8544 0.4467 0.7925
0.8544 0.4467 0.7925
0.8544 0.4467 0.7925
0.8544 0.4467 0.7925
0.8544 0.4467 0.7925
0.8544 0.4467 0.7925
0.8544 0.4467 0.7925
0.8544 0.4467 0.7925
0.8544 0.4467 0.7925
0.8544 0.4467 0.7925
0.8544 0.4467 0.7925
0.8544 0.4467 0.7925
0.8544 0.4467 0.7925
0.8544 0.4467 0.7925
0.8544 0.4467 0.7925
0.8544 0.4467 0.7925
0.8544 0.4467 0.7925
0.8544 0.4467 0.7925
0.8544 0.4467 0.7925
0.8544 0.4467 0.7925
0.8544 0.4467 0.7925
0.8544 0.4467 0.7925
0.8544 0.4467 0.7925
0.8544 0.4467 0.7925
0.8544 0.4467 0.7925
0.8544 0.4467 0.7925
0.8544 0.4467 0.7925
0.8544 0.4467 0.7925
0.8544 0.4467 0.7925
0.8544 0.4467 0.7925
0.8544 0.4467 0.7925
0.8544 0.4467 0.7925
0.8544 0.4467 0.7925
0.8544 0.4467 0.7925
0.8544 0.4467 0.7925
0.8544 0.4467 0.7925
0.8544 0.4467 0.7925
0.8544 0.4467 0.7925
0.8544 0.4467 0.7925
0.8544 0.4467 0.7925
0.8544 0.4467 0.7925
0.8544 0.4467 0.7925
0.8544 0.4467 0.7925
0.8544 0.4467 0.7925
0.8544 0.4467 0.7925
0.8544 0.4467 0.7925
0.8544 0.4467 0.7925
0.8544 0.4467 0.7925
0.8544 0.4467 0.7925
0.8544 0.4467 0.7925
0.8544 0.4467 0.7925
0.8544 0.4467 0.7925
0.8544 0.4467 0.7925
0.8544 0.4467 0.7925
0.8544 0.4467 0.7925
0.8544 0.4467 0.7925
0.8544 0.4467 0.7925
0.8544 0.4467 0.7925
0.8544 0.4467 0.7925
0.8544 0.4467 0.7925
0.8544 0.4467 0.7925
0.8544 0.4467 0.7925
0.8544 0.4467 0.7925
0.8544 0.4467 0.7925
0.8544 0.4467 0.7925
0.8544 0.4467 0.7925
0.8544 0.4467 0.7925
0.8544 0.4467 0.7925
0.8544 0.4467 0.7925
0.8544 0.4467 0.7925
0.8544 0.4467 0.7925
0.8544 0.4467 0.7925
0.8544 0.4467 0.7925
0.8544 0.4467 0.7925
0.8544 0.4467 0.7925
0.8544 0.4467 0.7925
0.8544 0.4467 0.7925
0.8544 0.4467 0.7925
0.8544 0.4467 0.7925
0.8544 0.4467 0.7925
0.8544 0.4467 0.7925
0.8544 0.4467 0.7925
0.8544 0.4467 0.7925
0.8544 0.4467 0.7925
0.8544 0.4467 0.7925
0.8544 0.4467 0.7925
0.8544 0.4467 0.7925
0.8544 0.4467 0.7925
0.8544 0.4467 0.7925
0.8544 0.4467 0.7925
0.8544 0.4467 0.7925
0.8544 0.4467 0.7925
0.8544 0.4467 0.7925
0.8544 0.4467 0.7925
0.8544 0.4467 0.7925
0.8544 0.4467 0.7925
0.8544 0.4467 0.7925
0.8544 0.4467 0.7925
0.8544 0.4467 0.7925
0.8544 0.4467 0.7925
0.8544 0.4467 0.7925
0.8544 0.4467 0.7925
0.8544 0.4467 0.7925
0.8544 0.4467 0.7925
0.8544 0.4467 0.7925
0.8544 0.4467 0.7925
0.8544 0.4467 0.7925
0.8544 0.4467 0.7925
0.8544 0.4467 0.7925
0.8544 0.4467 0.7925
0.8544 0.4467 0.7925
0.8544 0.4467 0.7925
0.8544 0.4467 0.7925
0.8544 0.4467 0.7925
0.8544 0.4467 0.7925
0.8544 0.4467 0.7925
0.8544 0.4467 0.7925
0.8544 0.4467 0.7925
0.8544 0.4467 0.7925
0.8544 0.4467 0.7925
0.8544 0.4467 0.7925
0.8544 0.4467 0.7925
0.8544 0.4467 0.7925
0.8544 0.4467 0.7925
0.8544 0.4467 0.7925
0.8544 0.4467 0.7925
0.8544 0.4467 0.7925
0.8544 0.4467 0.7925
0.8544 0.4467 0.7925
0.8544 0.4467 0.7925
0.8544 0.4467 0.7925
0.8544 0.4467 0.7925
0.8544 0.4467 0.7925
0.8544 0.4467 0.7925
0.8544 0.4467 0.7925
0.8544 0.4467 0.7925
0.8544 0.4467 0.7925
0.8544 0.4467 0.7925
0.8544 0.4467 0.7925
0.8544 0.4467 0.7925
0.8544 0.4467 0.7925
0.8544 0.4467 0.7925
0.8544 0.4467 0.7925
0.8544 0.4467 0.7925
0.8544 0.4467 0.7925
0.8544 0.4467 0.7925
0.8544 0.4467 0.7925
0.8544 0.4467 0.7925
0.8544 0.4467 0.7925
0.8544 0.4467 0.7925
0.8544 0.4467 0.7925
0.8544 0.4467 0.7925
0.8544 0.4467 0.7925
0.8544 0.4467 0.7925
0.8544 0.4467 0.7925
0.8544 0.4467 0.7925
0.8544 0.4467 0.7925
0.8544 0.4467 0.7925
0.8544 0.4467 0.7925
0.8544 0.4467 0.7925
0.8544 0.4467 0.7925
0.8544 0.4467 0.7925
0.8544 0.4467 0.7925
0.8544 0.4467 0.7925
0.8544 0.4467 0.7925
0.8544 0.4467 0.7925
0.8544 0.4467 0.7925
0.8544 0.4467 0.7925
0.8544 0.4467 0.7925
0.8544 0.4467 0.7925
0.8544 0.4467 0.7925
0.8544 0.4467 0.7925
0.8544 0.4467 0.7925
0.8544 0.4467 0.7925
0.8544 0.4467 0.7925
0.8544 0.4467 0.7925
0.8544 0.4467 0.7925
0.8544 0.4467 0.7925
0.8544 0.4467 0.7925
0.8544 0.4467 0.7925
0.8544 0.4467 0.7925
0.8544 0.4467 0.7925
0.8544 0.4467 0.7925
0.8544 0.4467 0.7925
0.8544 0.4467 0.7925
0.8544 0.4467 0.7925
0.8544 0.4467 0.7925
0.8544 0.4467 0.7925
0.8544 0.4467 0.7925
0.8544 0.4467 0.7925
0.8544 0.4467 0.7925
0.8544 0.4467 0.7925
0.8544 0.4467 0.7925
0.8544 0.4467 0.7925
0.8544 0.4467 0.7925
0.8544 0.4467 0.7925
0.8544 0.4467 0.7925
0.8544 0.4467 0.7925
0.8544 0.4467 0.7925
0.8544 0.4467 0.7925
0.8544 0.4467 0.7925
0.8544 0.4467 0.7925
0.8544 0.4467 0.7925
0.8544 0.4467 0.7925
0.8544 0.4467 0.7925
0.8544 0.4467 0.7925
0.8544 0.4467 0.7925
0.8544 0.4467 0.7925
0.8544 0.4467 0.7925
0.8544 0.4467 0.7925
0.8544 0.4467 0.7925
0.8544 0.4467 0.7925
0.8544 0.4467 0.7925
0.8544 0.4467 0.7925
0.8544 0.4467 0.7925
0.8544 0.4467 0.7925
0.8544 0.4467 0.7925
0.8544 0.4467 0.7925
0.8544 0.4467 0.7925
0.8544 0.4467 0.7925
0.8544 0.4467 0.7925
0.8544 0.4467 0.7925
0.8544 0.4467 0.7925
0.8544 0.4467 0.7925
0.8544 0.4467 0.7925
0.8544 0.4467 0.7925
0.8544 0.4467 0.7925
0.8544 0.4467 0.7925
0.8544 0.4467 0.7925
0.8544 0.4467 0.7925
0.8544 0.4467 0.7925
0.8544 0.4467 0.7925
0.8544 0.4467 0.7925
0.8544 0.4467 0.7925
0.8544 0.4467 0.7925
0.8544 0.4467 0.7925
0.8544 0.4467 0.7925
0.8544 0.4467 0.7925
0.8544 0.4467 0.7925
0.8544 0.4467 0.7925
0.8544 0.4467 0.7925
0.8544 0.4467 0.7925
0.8544 0.4467 0.7925
0.8544 0.4467 0.7925
0.8544 0.4467 0.7925
0.8544 0.4467 0.7925
0.8544 0.4467 0.7925
0.8544 0.4467 0.7925
0.8544 0.4467 0.7925
0.8544 0.4467 0.7925
0.8544 0.4467 0.7925
0.8544 0.4467 0.7925
0.8544 0.4467 0.7925
0.8544 0.4467 0.7925
0.8544 0.4467 0.7925
0.8544 0.4467 0.7925
0.8544 0.4467 0.7925
0.8544 0.4467 0.7925
0.8544 0.4467 0.7925
0.8544 0.4467 0.7925
0.8544 0.4467 0.7925
0.8544 0.4467 0.7925
0.8544 0.4467 0.7925
0.8544 0.4467 0.7925
0.8544 0.4467 0.7925
0.8544 0.4467 0.7925
0.8544 0.4467 0.7925
0.8544 0.4467 0.7925
0.8544 0.4467 0.7925
0.8544 0.4467 0.7925
0.8544 0.4467 0.7925
0.8544 0.4467 0.7925
0.8544 0.4467 0.7925
0.8544 0.4467 0.7925
0.8544 0.4467 0.7925
0.8544 0.4467 0.7925
0.8544 0.4467 0.7925
0.8544 0.4467 0.7925
0.8544 0.4467 0.7925
0.8544 0.4467 0.7925
0.8544 0.4467 0.7925
0.8544 0.4467 0.7925
0.8544 0.4467 0.7925
0.8544 0.4467 0.7925
0.8544 0.4467 0.7925
0.8544 0.4467 0.7925
0.8544 0.4467 0.7925
0.8544 0.4467 0.7925
0.8544 0.4467 0.7925
0.8544 0.4467 0.7925
0.8544 0.4467 0.7925
0.8544 0.4467 0.7925
0.8544 0.4467 0.7925
0.8544 0.4467 0.7925
0.8544 0.4467 0.7925
0.8544 0.4467 0.7925
0.8544 0.4467 0.7925
0.8544 0.4467 0.7925
0.8544 0.4467 0.7925
0.8544 0.4467 0.7925
0.8544 0.4467 0.7925
0.8544 0.4467 0.7925
0.8544 0.4467 0.7925
0.8544 0.4467 0.7925
0.8544 0.4467 0.7925
0.8544 0.4467 0.7925
0.8544 0.4467 0.7925
0.8544 0.4467 0.7925
0.8544 0.4467 0.7925
0.8544 0.4467 0.7925
0.8544 0.4467 0.7925
0.8544 0.4467 0.7925
0.8544 0.4467 0.7925
0.8544 0.4467 0.7925
0.8544 0.4467 0.7925
0.8544 0.4467 0.7925
0.8544 0.4467 0.7925
0.8544 0.4467 0.7925
0.8544 0.4467 0.7925
0.8544 0.4467 0.7925
0.8544 0.4467 0.7925
0.8544 0.4467 0.7925
0.8544 0.4467 0.7925
0.8544 0.4467 0.7925
0.8544 0.4467 0.7925
0.8544 0.4467 0.7925
0.8544 0.4467 0.7925
0.8544 0.4467 0.7925
0.8544 0.4467 0.7925
0.8544 0.4467 0.7925
0.8544 0.4467 0.7925
0.8544 0.4467 0.7925
0.8544 0.4467 0.7925
0.8544 0.4467 0.7925
0.8544 0.4467 0.7925
0.8544 0.4467 0.7925
0.8544 0.4467 0.7925
0.8544 0.4467 0.7925
0.8544 0.4467 0.7925
0.8544 0.4467 0.7925
0.8544 0.4467 0.7925
0.8544 0.4467 0.7925
0.8544 0.4467 0.7925
0.8544 0.4467 0.7925
0.8544 0.4467 0.7925
0.8544 0.4467 0.7925
0.8544 0.4467 0.7925
0.8544 0.4467 0.7925
0.8544 0.4467 0.7925
0.8544 0.4467 0.7925
0.8544 0.4467 0.7925
0.8544 0.4467 0.7925
0.8544 0.4467 0.7925
0.8544 0.4467 0.7925
0.8544 0.4467 0.7925
0.8544 0.4467 0.7925
0.8544 0.4467 0.7925
0.8544 0.4467 0.7925
0.8544 0.4467 0.7925
0.8544 0.4467 0.7925
0.8544 0.4467 0.7925
0.8544 0.4467 0.7925
0.8544 0.4467 0.7925
0.8544 0.4467 0.7925
0.8544 0.4467 0.7925
0.8544 0.4467 0.7925
0.8544 0.4467 0.7925
0.8544 0.4467 0.7925
0.8544 0.4467 0.7925
0.8544 0.4467 0.7925
0.8544 0.4467 0.7925
0.8544 0.4467 0.7925
0.8544 0.4467 0.7925
0.8544 0.4467 0.7925
0.8544 0.4467 0.7925
0.8544 0.4467 0.7925
0.8544 0.4467 0.7925
0.8544 0.4467 0.7925
0.8544 0.4467 0.7925
0.8544 0.4467 0.7925
0.8544 0.4467 0.7925
0.8544 0.4467 0.7925
0.8544 0.4467 0.7925
0.8544 0.4467 0.7925
0.8544 0.4467 0.7925
0.8544 0.4467 0.7925
0.8544 0.4467 0.7925
0.8544 0.4467 0.7925
0.8544 0.4467 0.7925
0.8544 0.4467 0.7925
0.8544 0.4467 0.7925
0.8544 0.4467 0.7925
0.8544 0.4467 0.7925
0.8544 0.4467 0.7925
0.8544 0.4467 0.7925
0.8544 0.4467 0.7925
0.8544 0.4467 0.7925
0.8544 0.4467 0.7925
0.8544 0.4467 0.7925
0.8544 0.4467 0.7925
0.8544 0.4467 0.7925
0.8544 0.4467 0.7925
0.8544 0.4467 0.7925
0.8544 0.4467 0.7925
0.8544 0.4467 0.7925
0.8544 0.4467 0.7925
0.8544 0.4467 0.7925
0.8544 0.4467 0.7925
0.8544 0.4467 0.7925
0.8544 0.4467 0.7925
0.8544 0.4467 0.7925
0.8544 0.4467 0.7925
0.8544 0.4467 0.7925
0.8544 0.4467 0.7925
0.8544 0.4467 0.7925
0.8544 0.4467 0.7925
0.8544 0.4467 0.7925
0.8544 0.4467 0.7925
0.8544 0.4467 0.7925
0.8544 0.4467 0.7925
0.8544 0.4467 0.7925
0.8544 0.4467 0.7925
0.8544 0.4467 0.7925
0.8544 0.4467 0.7925
0.8544 0.4467 0.7925
0.8544 0.4467 0.7925
0.8544 0.4467 0.7925
0.8544 0.4467 0.7925
0.8544 0.4467 0.7925
0.8544 0.4467 0.7925
0.8544 0.4467 0.7925
0.8544 0.4467 0.7925
0.8544 0.4467 0.7925
0.8544 0.4467 0.7925
0.8544 0.4467 0.7925
0.8544 0.4467 0.7925
0.8544 0.4467 0.7925
0.8544 0.4467 0.7925
0.8544 0.4467 0.7925
0.8544 0.4467 0.7925
0.8544 0.4467 0.7925
0.8544 0.4467 0.7925
0.8544 0.4467 0.7925
0.8544 0.4467 0.7925
0.8544 0.4467 0.7925
0.8544 0.4467 0.7925
0.8544 0.4467 0.7925
0.8544 0.4467 0.7925
0.8544 0.4467 0.7925
0.8544 0.4467 0.7925
0.8544 0.4467 0.7925
0.8544 0.4467 0.7925
0.8544 0.4467 0.7925
0.8544 0.4467 0.7925
0.8544 0.4467 0.7925
0.8544 0.4467 0.7925
0.8544 0.4467 0.7925
0.8544 0.4467 0.7925
0.8544 0.4467 0.7925
0.8544 0.4467 0.7925
0.8544 0.4467 0.7925
0.8544 0.4467 0.7925
0.8544 0.4467 0.7925
0.8544 0.4467 0.7925
0.8544 0.4467 0.7925
0.8544 0.4467 0.7925
0.8544 0.4467 0.7925
0.8544 0.4467 0.7925
0.8544 0.4467 0.7925
0.8544 0.4467 0.7925
0.8544 0.4467 0.7925
0.8544 0.4467 0.7925
0.8544 0.4467 0.7925
0.8544 0.4467 0.7925
0.8544 0.4467 0.7925
0.8544 0.4467 0.7925
0.8544 0.4467 0.7925
0.8544 0.4467 0.7925
0.8544 0.4467 0.7925
0.8544 0.4467 0.7925
0.8544 0.4467 0.7925
0.8544 0.4467 0.7925
0.8544 0.4467 0.7925
0.8544 0.4467 0.7925
0.8544 0.4467 0.7925
0.8544 0.4467 0.7925
0.8544 0.4467 0.7925
0.8544 0.4467 0.7925
0.8544 0.4467 0.7925
0.8544 0.4467 0.7925
0.8544 0.4467 0.7925
0.8544 0.4467 0.7925
0.8544 0.4467 0.7925
0.8544 0.4467 0.7925
0.8544 0.4467 0.7925
0.8544 0.4467 0.7925
0.8544 0.4467 0.7925
0.8544 0.4467 0.7925
0.8544 0.4467 0.7925
0.8544 0.4467 0.7925
0.8544 0.4467 0.7925
0.8544 0.4467 0.7925
0.8544 0.4467 0.7925
0.8544 0.4467 0.7925
0.8544 0.4467 0.7925
0.8544 0.4467 0.7925
0.8544 0.4467 0.7925
0.8544 0.4467 0.7925
0.8544 0.4467 0.7925
0.8544 0.4467 0.7925
0.8544 0.4467 0.7925
0.8544 0.4467 0.7925
0.8544 0.4467 0.7925
0.8544 0.4467 0.7925
0.8544 0.4467 0.7925
0.8544 0.4467 0.7925
0.8544 0.4467 0.7925
0.8544 0.4467 0.7925
0.8544 0.4467 0.7925
0.8544 0.4467 0.7925
0.8544 0.4467 0.7925
0.8544 0.4467 0.7925
0.8544 0.4467 0.7925
0.8544 0.4467 0.7925
0.8544 0.4467 0.7925
0.8544 0.4467 0.7925
0.8544 0.4467 0.7925
0.8544 0.4467 0.7925
0.8544 0.4467 0.7925
0.8544 0.4467 0.7925
0.8544 0.4467 0.7925
0.8544 0.4467 0.7925
0.8544 0.4467 0.7925
0.8544 0.4467 0.7925
0.8544 0.4467 0.7925
0.8544 0.4467 0.7925
0.8544 0.4467 0.7925
0.8544 0.4467 0.7925
0.8544 0.4467 0.7925
0.8544 0.4467 0.7925
0.8544 0.4467 0.7925
0.8544 0.4467 0.7925
0.8544 0.4467 0.7925
0.8544 0.4467 0.7925
0.8544 0.4467 0.7925
0.8544 0.4467 0.7925
0.8544 0.4467 0.7925
0.8544 0.4467 0.7925
0.8544 0.4467 0.7925
0.8544 0.4467 0.7925
0.8544 0.4467 0.7925
0.8544 0.4467 0.7925
0.8544 0.4467 0.7925
0.8544 0.4467 0.7925
0.8544 0.4467 0.7925
0.8544 0.4467 0.7925
0.8544 0.4467 0.7925
0.8544 0.4467 0.7925
0.8544 0.4467 0.7925
0.8544 0.4467 0.7925
0.8544 0.4467 0.7925
0.8544 0.4467 0.7925
0.8544 0.4467 0.7925
0.8544 0.4467 0.7925
0.8544 0.4467 0.7925
0.8544 0.4467 0.7925
0.8544 0.4467 0.7925
0.8544 0.4467 0.7925
0.8544 0.4467 0.7925
0.8544 0.4467 0.7925
0.8544 0.4467 0.7925
0.8544 0.4467 0.7925
0.8544 0.4467 0.7925
0.8544 0.4467 0.7925
0.8544 0.4467 0.7925
0.8544 0.4467 0.7925
0.8544 0.4467 0.7925
0.8544 0.4467 0.7925
0.8544 0.4467 0.7925
0.8544 0.4467 0.7925
0.8544 0.4467 0.7925
0.8544 0.4467 0.7925
0.8544 0.4467 0.7925
0.8544 0.4467 0.7925
0.8544 0.4467 0.7925
0.8544 0.4467 0.7925
0.8544 0.4467 0.7925
0.8544 0.4467 0.7925
0.8544 0.4467 0.7925
0.8544 0.4467 0.7925
0.8544 0.4467 0.7925
0.8544 0.4467 0.7925
0.8544 0.4467 0.7925
0.8544 0.4467 0.7925
0.8544 0.4467 0.7925
0.8544 0.4467 0.7925
0.8544 0.4467 0.7925
0.8544 0.4467 0.7925
0.8544 0.4467 0.7925
0.8544 0.4467 0.7925
0.8544 0.4467 0.7925
0.8544 0.4467 0.7925
0.8544 0.4467 0.7925
0.8544 0.4467 0.7925
0.8544 0.4467 0.7925
0.8544 0.4467 0.7925
0.8544 0.4467 0.7925
0.8544 0.4467 0.7925
0.8544 0.4467 0.7925
0.8544 0.4467 0.7925
0.8544 0.4467 0.7925
0.8544 0.4467 0.7925
0.8544 0.4467 0.7925
0.8544 0.4467 0.7925
0.8544 0.4467 0.7925
0.8544 0.4467 0.7925
0.8544 0.4467 0.7925
0.8544 0.4467 0.7925
0.8544 0.4467 0.7925
0.8544 0.4467 0.7925
0.8544 0.4467 0.7925
0.8544 0.4467 0.7925
0.8544 0.4467 0.7925
0.8544 0.4467 0.7925
0.8544 0.4467 0.7925
0.8544 0.4467 0.7925
0.8544 0.4467 0.7925
0.8544 0.4467 0.7925
0.8544 0.4467 0.7925
0.8544 0.4467 0.7925
0.8544 0.4467 0.7925
0.8544 0.4467 0.7925
0.8544 0.4467 0.7925
0.8544 0.4467 0.7925
0.8544 0.4467 0.7925
0.8544 0.4467 0.7925
0.8544 0.4467 0.7925
0.8544 0.4467 0.7925
0.8544 0.4467 0.7925
0.8544 0.4467 0.7925
0.8544 0.4467 0.7925
0.8544 0.4467 0.7925
0.8544 0.4467 0.7925
0.8544 0.4467 0.7925
0.8544 0.4467 0.7925
0.8544 0.4467 0.7925
0.8544 0.4467 0.7925
0.8544 0.4467 0.7925
0.8544 0.4467 0.7925
0.8544 0.4467 0.7925
0.8544 0.4467 0.7925
0.8544 0.4467 0.7925
0.8544 0.4467 0.7925
0.8544 0.4467 0.7925
0.8544 0.4467 0.7925
0.8544 0.4467 0.7925
0.8544 0.4467 0.7925
0.8544 0.4467 0.7925
0.8544 0.4467 0.7925
0.8544 0.4467 0.7925
0.8544 0.4467 0.7925
0.8544 0.4467 0.7925
0.8544 0.4467 0.7925
0.8544 0.4467 0.7925
0.8544 0.4467 0.7925
0.8544 0.4467 0.7925
0.8544 0.4467 0.7925
0.8544 0.4467 0.7925
0.8544 0.4467 0.7925
0.8544 0.4467 0.7925