955
1.0690 0.4475 0.4847
1.0690 0.4475 0.4847
1.0690 0.4475 0.4847
1.0690 0.4475 0.4847
1.0700 0.4700 0.5121
1.0700 0.4700 0.5121
1.0878 0.4650 0.4829
1.1104 0.4650 0.4541
1.1104 0.4650 0.4541
1.1104 0.4650 0.4541
1.1192 0.4650 0.4427
1.1192 0.4650 0.4427
1.1196 0.4650 0.4423
1.1196 0.4650 0.4423
1.1196 0.4650 0.4423
1.1196 0.4650 0.4423
1.1296 0.4650 0.4294
1.1296 0.4650 0.4294
1.1296 0.4650 0.4294
1.1296 0.4650 0.4294
1.1296 0.4650 0.4294
1.1296 0.4650 0.4294
1.1296 0.4650 0.4294
1.1381 0.4750 0.4313
1.1381 0.4750 0.4313
1.1441 0.4825 0.4333
1.1441 0.4825 0.4333
1.1441 0.4825 0.4333
1.1441 0.4825 0.4333
1.1471 0.4775 0.4230
1.1471 0.4775 0.4230
1.1471 0.4775 0.4230
1.1476 0.4600 0.4000
1.1476 0.4600 0.4000
1.1476 0.4600 0.4000
1.1497 0.4700 0.4101
1.1497 0.4700 0.4101
1.1497 0.4700 0.4101
1.1497 0.4700 0.4101
1.1497 0.4700 0.4101
1.1497 0.4700 0.4101
1.1532 0.4650 0.3993
1.1545 0.4775 0.4135
1.1575 0.4850 0.4193
1.1575 0.4850 0.4193
1.1575 0.4850 0.4193
1.1598 0.4800 0.4100
1.1598 0.4800 0.4100
1.1598 0.4800 0.4100
1.1598 0.4800 0.4100
1.1599 0.4750 0.4034
1.1599 0.4750 0.4034
1.1601 0.4775 0.4063
1.1617 0.4700 0.3947
1.1647 0.4875 0.4133
1.1647 0.4875 0.4133
1.1647 0.4875 0.4133
1.1663 0.4800 0.4017
1.1663 0.4800 0.4017
1.1679 0.4825 0.4028
1.1696 0.4750 0.3910
1.1696 0.4750 0.3910
1.1733 0.4725 0.3831
1.1733 0.4725 0.3831
1.1733 0.4725 0.3831
1.1733 0.4725 0.3831
1.1733 0.4725 0.3831
1.1733 0.4725 0.3831
1.1745 0.4850 0.3976
1.1745 0.4850 0.3976
1.1745 0.4850 0.3976
1.1745 0.4850 0.3976
1.1776 0.4800 0.3871
1.1776 0.4800 0.3871
1.1776 0.4800 0.3871
1.1776 0.4800 0.3871
1.1776 0.4800 0.3871
1.1776 0.4800 0.3871
1.1776 0.4800 0.3871
1.1835 0.4850 0.3861
1.1835 0.4850 0.3861
1.1835 0.4850 0.3861
1.1835 0.4850 0.3861
1.1835 0.4850 0.3861
1.1835 0.4850 0.3861
1.1835 0.4850 0.3861
1.1835 0.4850 0.3861
1.1836 0.4850 0.3859
1.1836 0.4850 0.3859
1.1836 0.4850 0.3859
1.1836 0.4850 0.3859
1.1875 0.4800 0.3744
1.1875 0.4800 0.3744
1.1875 0.4800 0.3744
1.1875 0.4800 0.3744
1.1875 0.4800 0.3744
1.1875 0.4800 0.3744
1.1875 0.4800 0.3744
1.1875 0.4800 0.3744
1.1875 0.4800 0.3744
1.1875 0.4800 0.3744
1.1875 0.4800 0.3744
1.1875 0.4800 0.3744
1.1875 0.4800 0.3744
1.1877 0.4825 0.3775
1.1908 0.4800 0.3703
1.1908 0.4800 0.3703
1.1908 0.4800 0.3703
1.1908 0.4800 0.3703
1.1908 0.4800 0.3703
1.1908 0.4800 0.3703
1.1908 0.4800 0.3703
1.1908 0.4800 0.3703
1.1908 0.4800 0.3703
1.1908 0.4800 0.3703
1.1908 0.4800 0.3703
1.1908 0.4800 0.3703
1.1908 0.4800 0.3703
1.1921 0.4825 0.3718
1.1921 0.4825 0.3718
1.1921 0.4825 0.3718
1.1921 0.4825 0.3718
1.1921 0.4825 0.3718
1.1921 0.4825 0.3718
1.1921 0.4825 0.3718
1.1921 0.4825 0.3718
1.1921 0.4825 0.3718
1.1936 0.4875 0.3763
1.1936 0.4875 0.3763
1.1936 0.4875 0.3763
1.1936 0.4875 0.3763
1.1936 0.4875 0.3763
1.1936 0.4875 0.3763
1.1936 0.4875 0.3763
1.1936 0.4875 0.3763
1.1936 0.4875 0.3763
1.1936 0.4875 0.3763
1.1936 0.4875 0.3763
1.1936 0.4875 0.3763
1.1936 0.4875 0.3763
1.1936 0.4875 0.3763
1.1936 0.4875 0.3763
1.1936 0.4875 0.3763
1.1936 0.4875 0.3763
1.1936 0.4875 0.3763
1.1936 0.4875 0.3763
1.1938 0.4875 0.3760
1.1938 0.4875 0.3760
1.1938 0.4875 0.3760
1.1938 0.4875 0.3760
1.1938 0.4875 0.3760
1.1938 0.4875 0.3760
1.1938 0.4875 0.3760
1.1938 0.4875 0.3760
1.1938 0.4875 0.3760
1.1942 0.4875 0.3755
1.1942 0.4875 0.3755
1.1942 0.4875 0.3755
1.1942 0.4875 0.3755
1.1942 0.4875 0.3755
1.1942 0.4875 0.3755
1.1942 0.4875 0.3755
1.1942 0.4875 0.3755
1.1942 0.4875 0.3755
1.1942 0.4875 0.3755
1.1942 0.4875 0.3755
1.1942 0.4875 0.3755
1.1942 0.4875 0.3755
1.1942 0.4875 0.3755
1.1942 0.4875 0.3755
1.1942 0.4875 0.3755
1.1942 0.4875 0.3755
1.1942 0.4875 0.3755
1.1942 0.4875 0.3755
1.1942 0.4875 0.3755
1.1942 0.4875 0.3755
1.1942 0.4875 0.3755
1.1942 0.4875 0.3755
1.1942 0.4875 0.3755
1.1942 0.4875 0.3755
1.1942 0.4875 0.3755
1.1942 0.4875 0.3755
1.1942 0.4875 0.3755
1.1942 0.4875 0.3755
1.1942 0.4875 0.3755
1.1942 0.4875 0.3755
1.1942 0.4875 0.3755
1.1942 0.4875 0.3755
1.1942 0.4875 0.3755
1.1942 0.4875 0.3755
1.1942 0.4875 0.3755
1.1942 0.4875 0.3755
1.1942 0.4875 0.3755
1.1942 0.4875 0.3755
1.1942 0.4875 0.3755
1.1942 0.4875 0.3755
1.1942 0.4875 0.3755
1.1942 0.4875 0.3755
1.1942 0.4875 0.3755
1.1942 0.4875 0.3755
1.1942 0.4875 0.3755
1.1942 0.4875 0.3755
1.1942 0.4875 0.3755
1.1942 0.4875 0.3755
1.1942 0.4875 0.3755
1.1942 0.4875 0.3755
1.1942 0.4875 0.3755
1.1942 0.4875 0.3755
1.1942 0.4875 0.3755
1.1942 0.4875 0.3755
1.1942 0.4875 0.3755
1.1942 0.4875 0.3755
1.1942 0.4875 0.3755
1.1942 0.4875 0.3755
1.1942 0.4875 0.3755
1.1942 0.4875 0.3755
1.1942 0.4875 0.3755
1.1942 0.4875 0.3755
1.1942 0.4875 0.3755
1.1942 0.4875 0.3755
1.1942 0.4875 0.3755
1.1942 0.4875 0.3755
1.1942 0.4875 0.3755
1.1942 0.4875 0.3755
1.1942 0.4875 0.3755
1.1942 0.4875 0.3755
1.1942 0.4875 0.3755
1.1942 0.4875 0.3755
1.1942 0.4875 0.3755
1.1942 0.4875 0.3755
1.1942 0.4875 0.3755
1.1942 0.4875 0.3755
1.1942 0.4875 0.3755
1.1942 0.4875 0.3755
1.1942 0.4875 0.3755
1.1942 0.4875 0.3755
1.1942 0.4875 0.3755
1.1942 0.4875 0.3755
1.1942 0.4875 0.3755
1.1942 0.4875 0.3755
1.1942 0.4875 0.3755
1.1942 0.4875 0.3755
1.1942 0.4875 0.3755
1.1942 0.4875 0.3755
1.1942 0.4875 0.3755
1.1942 0.4875 0.3755
1.1942 0.4875 0.3755
1.1942 0.4875 0.3755
1.1942 0.4875 0.3755
1.1942 0.4875 0.3755
1.1942 0.4875 0.3755
1.1942 0.4875 0.3755
1.1942 0.4875 0.3755
1.1942 0.4875 0.3755
1.1942 0.4875 0.3755
1.1942 0.4875 0.3755
1.1942 0.4875 0.3755
1.1942 0.4875 0.3755
1.1942 0.4875 0.3755
1.1942 0.4875 0.3755
1.1942 0.4875 0.3755
1.1942 0.4875 0.3755
1.1942 0.4875 0.3755
1.1942 0.4875 0.3755
1.1942 0.4875 0.3755
1.1942 0.4875 0.3755
1.1942 0.4875 0.3755
1.1942 0.4875 0.3755
1.1942 0.4875 0.3755
1.1942 0.4875 0.3755
1.1942 0.4875 0.3755
1.1942 0.4875 0.3755
1.1942 0.4875 0.3755
1.1942 0.4875 0.3755
1.1942 0.4875 0.3755
1.1942 0.4875 0.3755
1.1942 0.4875 0.3755
1.1942 0.4875 0.3755
1.1942 0.4875 0.3755
1.1942 0.4875 0.3755
1.1942 0.4875 0.3755
1.1942 0.4875 0.3755
1.1942 0.4875 0.3755
1.1942 0.4875 0.3755
1.1942 0.4875 0.3755
1.1942 0.4875 0.3755
1.1942 0.4875 0.3755
1.1942 0.4875 0.3755
1.1942 0.4875 0.3755
1.1942 0.4875 0.3755
1.1942 0.4875 0.3755
1.1942 0.4875 0.3755
1.1942 0.4875 0.3755
1.1942 0.4875 0.3755
1.1942 0.4875 0.3755
1.1942 0.4875 0.3755
1.1942 0.4875 0.3755
1.1942 0.4875 0.3755
1.1942 0.4875 0.3755
1.1942 0.4875 0.3755
1.1942 0.4875 0.3755
1.1942 0.4875 0.3755
1.1942 0.4875 0.3755
1.1942 0.4875 0.3755
1.1942 0.4875 0.3755
1.1942 0.4875 0.3755
1.1942 0.4875 0.3755
1.1942 0.4875 0.3755
1.1942 0.4875 0.3755
1.1942 0.4875 0.3755
1.1942 0.4875 0.3755
1.1942 0.4875 0.3755
1.1942 0.4875 0.3755
1.1942 0.4875 0.3755
1.1942 0.4875 0.3755
1.1942 0.4875 0.3755
1.1942 0.4875 0.3755
1.1942 0.4875 0.3755
1.1942 0.4875 0.3755
1.1942 0.4875 0.3755
1.1942 0.4875 0.3755
1.1942 0.4875 0.3755
1.1942 0.4875 0.3755
1.1942 0.4875 0.3755
1.1942 0.4875 0.3755
1.1942 0.4875 0.3755
1.1942 0.4875 0.3755
1.1942 0.4875 0.3755
1.1942 0.4875 0.3755
1.1942 0.4875 0.3755
1.1942 0.4875 0.3755
1.1942 0.4875 0.3755
1.1942 0.4875 0.3755
1.1942 0.4875 0.3755
1.1942 0.4875 0.3755
1.1942 0.4875 0.3755
1.1942 0.4875 0.3755
1.1942 0.4875 0.3755
1.1942 0.4875 0.3755
1.1942 0.4875 0.3755
1.1942 0.4875 0.3755
1.1942 0.4875 0.3755
1.1942 0.4875 0.3755
1.1942 0.4875 0.3755
1.1942 0.4875 0.3755
1.1942 0.4875 0.3755
1.1942 0.4875 0.3755
1.1942 0.4875 0.3755
1.1942 0.4875 0.3755
1.1942 0.4875 0.3755
1.1942 0.4875 0.3755
1.1942 0.4875 0.3755
1.1942 0.4875 0.3755
1.1942 0.4875 0.3755
1.1942 0.4875 0.3755
1.1942 0.4875 0.3755
1.1942 0.4875 0.3755
1.1942 0.4875 0.3755
1.1942 0.4875 0.3755
1.1942 0.4875 0.3755
1.1942 0.4875 0.3755
1.1942 0.4875 0.3755
1.1942 0.4875 0.3755
1.1942 0.4875 0.3755
1.1942 0.4875 0.3755
1.1942 0.4875 0.3755
1.1942 0.4875 0.3755
1.1942 0.4875 0.3755
1.1942 0.4875 0.3755
1.1942 0.4875 0.3755
1.1942 0.4875 0.3755
1.1942 0.4875 0.3755
1.1942 0.4875 0.3755
1.1942 0.4875 0.3755
1.1942 0.4875 0.3755
1.1942 0.4875 0.3755
1.1942 0.4875 0.3755
1.1942 0.4875 0.3755
1.1942 0.4875 0.3755
1.1942 0.4875 0.3755
1.1942 0.4875 0.3755
1.1942 0.4875 0.3755
1.1942 0.4875 0.3755
1.1942 0.4875 0.3755
1.1942 0.4875 0.3755
1.1942 0.4875 0.3755
1.1942 0.4875 0.3755
1.1942 0.4875 0.3755
1.1942 0.4875 0.3755
1.1942 0.4875 0.3755
1.1942 0.4875 0.3755
1.1942 0.4875 0.3755
1.1942 0.4875 0.3755
1.1942 0.4875 0.3755
1.1942 0.4875 0.3755
1.1942 0.4875 0.3755
1.1942 0.4875 0.3755
1.1942 0.4875 0.3755
1.1942 0.4875 0.3755
1.1942 0.4875 0.3755
1.1942 0.4875 0.3755
1.1942 0.4875 0.3755
1.1942 0.4875 0.3755
1.1942 0.4875 0.3755
1.1942 0.4875 0.3755
1.1942 0.4875 0.3755
1.1942 0.4875 0.3755
1.1942 0.4875 0.3755
1.1942 0.4875 0.3755
1.1942 0.4875 0.3755
1.1942 0.4875 0.3755
1.1942 0.4875 0.3755
1.1942 0.4875 0.3755
1.1942 0.4875 0.3755
1.1942 0.4875 0.3755
1.1942 0.4875 0.3755
1.1942 0.4875 0.3755
1.1942 0.4875 0.3755
1.1942 0.4875 0.3755
1.1942 0.4875 0.3755
1.1942 0.4875 0.3755
1.1942 0.4875 0.3755
1.1942 0.4875 0.3755
1.1942 0.4875 0.3755
1.1942 0.4875 0.3755
1.1942 0.4875 0.3755
1.1942 0.4875 0.3755
1.1942 0.4875 0.3755
1.1942 0.4875 0.3755
1.1942 0.4875 0.3755
1.1942 0.4875 0.3755
1.1942 0.4875 0.3755
1.1942 0.4875 0.3755
1.1942 0.4875 0.3755
1.1942 0.4875 0.3755
1.1942 0.4875 0.3755
1.1942 0.4875 0.3755
1.1942 0.4875 0.3755
1.1942 0.4875 0.3755
1.1942 0.4875 0.3755
1.1942 0.4875 0.3755
1.1942 0.4875 0.3755
1.1942 0.4875 0.3755
1.1942 0.4875 0.3755
1.1942 0.4875 0.3755
1.1942 0.4875 0.3755
1.1942 0.4875 0.3755
1.1942 0.4875 0.3755
1.1942 0.4875 0.3755
1.1942 0.4875 0.3755
1.1942 0.4875 0.3755
1.1942 0.4875 0.3755
1.1942 0.4875 0.3755
1.1942 0.4875 0.3755
1.1942 0.4875 0.3755
1.1942 0.4875 0.3755
1.1942 0.4875 0.3755
1.1942 0.4875 0.3755
1.1942 0.4875 0.3755
1.1942 0.4875 0.3755
1.1942 0.4875 0.3755
1.1942 0.4875 0.3755
1.1942 0.4875 0.3755
1.1942 0.4875 0.3755
1.1942 0.4875 0.3755
1.1942 0.4875 0.3755
1.1942 0.4875 0.3755
1.1942 0.4875 0.3755
1.1942 0.4875 0.3755
1.1942 0.4875 0.3755
1.1942 0.4875 0.3755
1.1942 0.4875 0.3755
1.1942 0.4875 0.3755
1.1942 0.4875 0.3755
1.1942 0.4875 0.3755
1.1942 0.4875 0.3755
1.1942 0.4875 0.3755
1.1942 0.4875 0.3755
1.1942 0.4875 0.3755
1.1942 0.4875 0.3755
1.1942 0.4875 0.3755
1.1942 0.4875 0.3755
1.1942 0.4875 0.3755
1.1942 0.4875 0.3755
1.1942 0.4875 0.3755
1.1942 0.4875 0.3755
1.1942 0.4875 0.3755
1.1942 0.4875 0.3755
1.1942 0.4875 0.3755
1.1942 0.4875 0.3755
1.1942 0.4875 0.3755
1.1942 0.4875 0.3755
1.1942 0.4875 0.3755
1.1942 0.4875 0.3755
1.1942 0.4875 0.3755
1.1942 0.4875 0.3755
1.1942 0.4875 0.3755
1.1942 0.4875 0.3755
1.1942 0.4875 0.3755
1.1942 0.4875 0.3755
1.1942 0.4875 0.3755
1.1942 0.4875 0.3755
1.1942 0.4875 0.3755
1.1942 0.4875 0.3755
1.1942 0.4875 0.3755
1.1942 0.4875 0.3755
1.1942 0.4875 0.3755
1.1942 0.4875 0.3755
1.1942 0.4875 0.3755
1.1942 0.4875 0.3755
1.1942 0.4875 0.3755
1.1942 0.4875 0.3755
1.1942 0.4875 0.3755
1.1942 0.4875 0.3755
1.1942 0.4875 0.3755
1.1942 0.4875 0.3755
1.1942 0.4875 0.3755
1.1942 0.4875 0.3755
1.1942 0.4875 0.3755
1.1942 0.4875 0.3755
1.1942 0.4875 0.3755
1.1942 0.4875 0.3755
1.1942 0.4875 0.3755
1.1942 0.4875 0.3755
1.1942 0.4875 0.3755
1.1942 0.4875 0.3755
1.1942 0.4875 0.3755
1.1942 0.4875 0.3755
1.1942 0.4875 0.3755
1.1942 0.4875 0.3755
1.1942 0.4875 0.3755
1.1942 0.4875 0.3755
1.1942 0.4875 0.3755
1.1942 0.4875 0.3755
1.1942 0.4875 0.3755
1.1942 0.4875 0.3755
1.1942 0.4875 0.3755
1.1942 0.4875 0.3755
1.1942 0.4875 0.3755
1.1942 0.4875 0.3755
1.1942 0.4875 0.3755
1.1942 0.4875 0.3755
1.1942 0.4875 0.3755
1.1942 0.4875 0.3755
1.1942 0.4875 0.3755
1.1942 0.4875 0.3755
1.1942 0.4875 0.3755
1.1942 0.4875 0.3755
1.1942 0.4875 0.3755
1.1942 0.4875 0.3755
1.1942 0.4875 0.3755
1.1942 0.4875 0.3755
1.1942 0.4875 0.3755
1.1942 0.4875 0.3755
1.1942 0.4875 0.3755
1.1942 0.4875 0.3755
1.1942 0.4875 0.3755
1.1942 0.4875 0.3755
1.1942 0.4875 0.3755
1.1942 0.4875 0.3755
1.1942 0.4875 0.3755
1.1942 0.4875 0.3755
1.1942 0.4875 0.3755
1.1942 0.4875 0.3755
1.1942 0.4875 0.3755
1.1942 0.4875 0.3755
1.1942 0.4875 0.3755
1.1942 0.4875 0.3755
1.1942 0.4875 0.3755
1.1942 0.4875 0.3755
1.1942 0.4875 0.3755
1.1942 0.4875 0.3755
1.1942 0.4875 0.3755
1.1942 0.4875 0.3755
1.1942 0.4875 0.3755
1.1942 0.4875 0.3755
1.1942 0.4875 0.3755
1.1942 0.4875 0.3755
1.1942 0.4875 0.3755
1.1942 0.4875 0.3755
1.1942 0.4875 0.3755
1.1942 0.4875 0.3755
1.1942 0.4875 0.3755
1.1942 0.4875 0.3755
1.1942 0.4875 0.3755
1.1942 0.4875 0.3755
1.1942 0.4875 0.3755
1.1942 0.4875 0.3755
1.1942 0.4875 0.3755
1.1942 0.4875 0.3755
1.1942 0.4875 0.3755
1.1942 0.4875 0.3755
1.1942 0.4875 0.3755
1.1942 0.4875 0.3755
1.1942 0.4875 0.3755
1.1942 0.4875 0.3755
1.1942 0.4875 0.3755
1.1942 0.4875 0.3755
1.1942 0.4875 0.3755
1.1942 0.4875 0.3755
1.1942 0.4875 0.3755
1.1942 0.4875 0.3755
1.1942 0.4875 0.3755
1.1942 0.4875 0.3755
1.1942 0.4875 0.3755
1.1942 0.4875 0.3755
1.1942 0.4875 0.3755
1.1942 0.4875 0.3755
1.1942 0.4875 0.3755
1.1942 0.4875 0.3755
1.1942 0.4875 0.3755
1.1942 0.4875 0.3755
1.1942 0.4875 0.3755
1.1942 0.4875 0.3755
1.1942 0.4875 0.3755
1.1942 0.4875 0.3755
1.1942 0.4875 0.3755
1.1942 0.4875 0.3755
1.1942 0.4875 0.3755
1.1942 0.4875 0.3755
1.1942 0.4875 0.3755
1.1942 0.4875 0.3755
1.1942 0.4875 0.3755
1.1942 0.4875 0.3755
1.1942 0.4875 0.3755
1.1942 0.4875 0.3755
1.1942 0.4875 0.3755
1.1942 0.4875 0.3755
1.1942 0.4875 0.3755
1.1942 0.4875 0.3755
1.1942 0.4875 0.3755
1.1942 0.4875 0.3755
1.1942 0.4875 0.3755
1.1942 0.4875 0.3755
1.1942 0.4875 0.3755
1.1942 0.4875 0.3755
1.1942 0.4875 0.3755
1.1942 0.4875 0.3755
1.1942 0.4875 0.3755
1.1942 0.4875 0.3755
1.1942 0.4875 0.3755
1.1942 0.4875 0.3755
1.1942 0.4875 0.3755
1.1942 0.4875 0.3755
1.1942 0.4875 0.3755
1.1942 0.4875 0.3755
1.1942 0.4875 0.3755
1.1942 0.4875 0.3755
1.1942 0.4875 0.3755
1.1942 0.4875 0.3755
1.1942 0.4875 0.3755
1.1942 0.4875 0.3755
1.1942 0.4875 0.3755
1.1942 0.4875 0.3755
1.1942 0.4875 0.3755
1.1942 0.4875 0.3755
1.1942 0.4875 0.3755
1.1942 0.4875 0.3755
1.1942 0.4875 0.3755
1.1942 0.4875 0.3755
1.1942 0.4875 0.3755
1.1942 0.4875 0.3755
1.1942 0.4875 0.3755
1.1942 0.4875 0.3755
1.1942 0.4875 0.3755
1.1942 0.4875 0.3755
1.1942 0.4875 0.3755
1.1942 0.4875 0.3755
1.1942 0.4875 0.3755
1.1942 0.4875 0.3755
1.1942 0.4875 0.3755
1.1942 0.4875 0.3755
1.1942 0.4875 0.3755
1.1942 0.4875 0.3755
1.1942 0.4875 0.3755
1.1942 0.4875 0.3755
1.1942 0.4875 0.3755
1.1942 0.4875 0.3755
1.1942 0.4875 0.3755
1.1942 0.4875 0.3755
1.1942 0.4875 0.3755
1.1942 0.4875 0.3755
1.1942 0.4875 0.3755
1.1942 0.4875 0.3755
1.1942 0.4875 0.3755
1.1942 0.4875 0.3755
1.1942 0.4875 0.3755
1.1942 0.4875 0.3755
1.1942 0.4875 0.3755
1.1942 0.4875 0.3755
1.1942 0.4875 0.3755
1.1942 0.4875 0.3755
1.1942 0.4875 0.3755
1.1942 0.4875 0.3755
1.1942 0.4875 0.3755
1.1942 0.4875 0.3755
1.1942 0.4875 0.3755
1.1942 0.4875 0.3755
1.1942 0.4875 0.3755
1.1942 0.4875 0.3755
1.1942 0.4875 0.3755
1.1942 0.4875 0.3755
1.1942 0.4875 0.3755
1.1942 0.4875 0.3755
1.1942 0.4875 0.3755
1.1942 0.4875 0.3755
1.1942 0.4875 0.3755
1.1942 0.4875 0.3755
1.1942 0.4875 0.3755
1.1942 0.4875 0.3755
1.1942 0.4875 0.3755
1.1942 0.4875 0.3755
1.1942 0.4875 0.3755
1.1942 0.4875 0.3755
1.1942 0.4875 0.3755
1.1942 0.4875 0.3755
1.1942 0.4875 0.3755
1.1942 0.4875 0.3755
1.1942 0.4875 0.3755
1.1942 0.4875 0.3755
1.1942 0.4875 0.3755
1.1942 0.4875 0.3755
1.1942 0.4875 0.3755
1.1942 0.4875 0.3755
1.1942 0.4875 0.3755
1.1942 0.4875 0.3755
1.1942 0.4875 0.3755
1.1942 0.4875 0.3755
1.1942 0.4875 0.3755
1.1942 0.4875 0.3755
1.1942 0.4875 0.3755
1.1942 0.4875 0.3755
1.1942 0.4875 0.3755
1.1942 0.4875 0.3755
1.1942 0.4875 0.3755
1.1942 0.4875 0.3755
1.1942 0.4875 0.3755
1.1942 0.4875 0.3755
1.1942 0.4875 0.3755
1.1942 0.4875 0.3755
1.1942 0.4875 0.3755
1.1942 0.4875 0.3755
1.1942 0.4875 0.3755
1.1942 0.4875 0.3755
1.1942 0.4875 0.3755
1.1942 0.4875 0.3755
1.1942 0.4875 0.3755
1.1942 0.4875 0.3755
1.1942 0.4875 0.3755
1.1942 0.4875 0.3755
1.1942 0.4875 0.3755
1.1942 0.4875 0.3755
1.1942 0.4875 0.3755
1.1942 0.4875 0.3755
1.1942 0.4875 0.3755
1.1942 0.4875 0.3755
1.1942 0.4875 0.3755
1.1942 0.4875 0.3755
1.1942 0.4875 0.3755
1.1942 0.4875 0.3755
1.1942 0.4875 0.3755
1.1942 0.4875 0.3755
1.1942 0.4875 0.3755
1.1942 0.4875 0.3755
1.1942 0.4875 0.3755
1.1942 0.4875 0.3755
1.1942 0.4875 0.3755
1.1942 0.4875 0.3755
1.1942 0.4875 0.3755
1.1942 0.4875 0.3755
1.1942 0.4875 0.3755
1.1942 0.4875 0.3755
1.1942 0.4875 0.3755
1.1942 0.4875 0.3755
1.1942 0.4875 0.3755
1.1942 0.4875 0.3755
1.1942 0.4875 0.3755
1.1942 0.4875 0.3755
1.1942 0.4875 0.3755
1.1942 0.4875 0.3755
1.1942 0.4875 0.3755
1.1942 0.4875 0.3755
1.1942 0.4875 0.3755
1.1942 0.4875 0.3755
1.1942 0.4875 0.3755
1.1942 0.4875 0.3755
1.1942 0.4875 0.3755
1.1942 0.4875 0.3755
1.1942 0.4875 0.3755
1.1942 0.4875 0.3755
1.1942 0.4875 0.3755
1.1942 0.4875 0.3755
1.1942 0.4875 0.3755
1.1942 0.4875 0.3755
1.1942 0.4875 0.3755
1.1942 0.4875 0.3755
1.1942 0.4875 0.3755
1.1942 0.4875 0.3755
1.1942 0.4875 0.3755
1.1942 0.4875 0.3755
1.1942 0.4875 0.3755
1.1942 0.4875 0.3755
1.1942 0.4875 0.3755
1.1942 0.4875 0.3755
1.1942 0.4875 0.3755
1.1942 0.4875 0.3755
1.1942 0.4875 0.3755
1.1942 0.4875 0.3755
1.1942 0.4875 0.3755
1.1942 0.4875 0.3755
1.1942 0.4875 0.3755
1.1942 0.4875 0.3755
1.1942 0.4875 0.3755
1.1942 0.4875 0.3755
1.1942 0.4875 0.3755
1.1942 0.4875 0.3755
1.1942 0.4875 0.3755
1.1942 0.4875 0.3755
1.1942 0.4875 0.3755
1.1942 0.4875 0.3755
1.1942 0.4875 0.3755
1.1942 0.4875 0.3755
1.1942 0.4875 0.3755
1.1942 0.4875 0.3755
1.1942 0.4875 0.3755
1.1942 0.4875 0.3755
1.1942 0.4875 0.3755
1.1942 0.4875 0.3755
1.1942 0.4875 0.3755
1.1942 0.4875 0.3755
1.1942 0.4875 0.3755
1.1942 0.4875 0.3755
1.1942 0.4875 0.3755
1.1942 0.4875 0.3755
1.1942 0.4875 0.3755
1.1942 0.4875 0.3755
1.1942 0.4875 0.3755
1.1942 0.4875 0.3755
1.1942 0.4875 0.3755
1.1942 0.4875 0.3755
1.1942 0.4875 0.3755
1.1942 0.4875 0.3755
1.1942 0.4875 0.3755
1.1942 0.4875 0.3755
1.1942 0.4875 0.3755
1.1942 0.4875 0.3755
1.1942 0.4875 0.3755
1.1942 0.4875 0.3755
1.1942 0.4875 0.3755
1.1942 0.4875 0.3755
1.1942 0.4875 0.3755
1.1942 0.4875 0.3755
1.1942 0.4875 0.3755
1.1942 0.4875 0.3755
1.1942 0.4875 0.3755
1.1942 0.4875 0.3755
1.1942 0.4875 0.3755
1.1942 0.4875 0.3755
1.1942 0.4875 0.3755
1.1942 0.4875 0.3755
1.1942 0.4875 0.3755
1.1942 0.4875 0.3755
1.1942 0.4875 0.3755
1.1942 0.4875 0.3755
1.1942 0.4875 0.3755
1.1942 0.4875 0.3755
1.1942 0.4875 0.3755
1.1942 0.4875 0.3755
1.1942 0.4875 0.3755
1.1942 0.4875 0.3755
1.1942 0.4875 0.3755
1.1942 0.4875 0.3755
1.1942 0.4875 0.3755
1.1942 0.4875 0.3755
1.1942 0.4875 0.3755
1.1942 0.4875 0.3755
1.1942 0.4875 0.3755
1.1942 0.4875 0.3755
1.1942 0.4875 0.3755
1.1942 0.4875 0.3755
1.1942 0.4875 0.3755
1.1942 0.4875 0.3755
1.1942 0.4875 0.3755
1.1942 0.4875 0.3755
1.1942 0.4875 0.3755
1.1942 0.4875 0.3755
1.1942 0.4875 0.3755
1.1942 0.4875 0.3755
1.1942 0.4875 0.3755
1.1942 0.4875 0.3755
1.1942 0.4875 0.3755
1.1942 0.4875 0.3755
1.1942 0.4875 0.3755
1.1942 0.4875 0.3755
1.1942 0.4875 0.3755
1.1942 0.4875 0.3755
1.1942 0.4875 0.3755
1.1942 0.4875 0.3755
1.1942 0.4875 0.3755
1.1942 0.4875 0.3755
1.1942 0.4875 0.3755
1.1942 0.4875 0.3755
1.1942 0.4875 0.3755
1.1942 0.4875 0.3755
1.1942 0.4875 0.3755
1.1942 0.4875 0.3755
1.1942 0.4875 0.3755
1.1942 0.4875 0.3755
1.1942 0.4875 0.3755
1.1942 0.4875 0.3755
1.1942 0.4875 0.3755
1.1942 0.4875 0.3755
1.1942 0.4875 0.3755
1.1942 0.4875 0.3755
1.1942 0.4875 0.3755
1.1942 0.4875 0.3755
1.1942 0.4875 0.3755
1.1942 0.4875 0.3755
1.1942 0.4875 0.3755
1.1942 0.4875 0.3755
1.1942 0.4875 0.3755
1.1942 0.4875 0.3755
1.1942 0.4875 0.3755
1.1942 0.4875 0.3755
1.1942 0.4875 0.3755
1.1942 0.4875 0.3755
1.1942 0.4875 0.3755
1.1942 0.4875 0.3755
1.1942 0.4875 0.3755
1.1942 0.4875 0.3755
1.1942 0.4875 0.3755
1.1942 0.4875 0.3755
1.1942 0.4875 0.3755
1.1942 0.4875 0.3755
1.1942 0.4875 0.3755
1.1942 0.4875 0.3755
1.1942 0.4875 0.3755
1.1942 0.4875 0.3755
1.1942 0.4875 0.3755
1.1942 0.4875 0.3755
1.1942 0.4875 0.3755
1.1942 0.4875 0.3755
1.1942 0.4875 0.3755
1.1942 0.4875 0.3755
1.1942 0.4875 0.3755
1.1942 0.4875 0.3755
1.1942 0.4875 0.3755
1.1942 0.4875 0.3755
1.1942 0.4875 0.3755
1.1942 0.4875 0.3755
1.1942 0.4875 0.3755
1.1942 0.4875 0.3755
1.1942 0.4875 0.3755
1.1942 0.4875 0.3755
1.1942 0.4875 0.3755