1152
1.1105 0.7700 0.6952
1.1105 0.7700 0.6952
1.1105 0.7700 0.6952
1.1105 0.7700 0.6952
1.0831 0.7400 0.6925
1.0831 0.7400 0.6925
1.1257 0.7500 0.6582
1.1257 0.7500 0.6582
1.1331 0.7400 0.6397
1.1331 0.7400 0.6397
1.1246 0.7300 0.6382
1.1196 0.6900 0.6013
1.0797 0.7000 0.6539
0.9643 0.6200 0.6912
1.1154 0.6900 0.6057
1.1154 0.6900 0.6057
1.0937 0.6800 0.6181
1.1754 0.7400 0.5952
1.1754 0.7400 0.5952
1.1385 0.6800 0.5708
1.1000 0.6800 0.6114
1.1335 0.7000 0.5972
1.1335 0.7000 0.5972
1.1335 0.7000 0.5972
1.1335 0.7000 0.5972
1.0933 0.6600 0.5974
1.0933 0.6600 0.5974
1.0933 0.6600 0.5974
1.1611 0.6700 0.5365
1.1611 0.6700 0.5365
1.1572 0.6800 0.5512
1.1248 0.6800 0.5853
1.1248 0.6800 0.5853
1.2443 0.7600 0.5436
1.1369 0.6800 0.5725
1.1369 0.6800 0.5725
1.1369 0.6800 0.5725
1.1369 0.6800 0.5725
1.1369 0.6800 0.5725
1.2087 0.7100 0.5285
1.2087 0.7100 0.5285
1.1721 0.7000 0.5565
1.1653 0.6600 0.5215
1.1653 0.6600 0.5215
1.1653 0.6600 0.5215
1.1653 0.6600 0.5215
1.1653 0.6600 0.5215
1.1653 0.6600 0.5215
1.1572 0.6500 0.5195
1.1797 0.7000 0.5485
1.1565 0.6600 0.5308
1.1565 0.6600 0.5308
1.1564 0.6700 0.5414
1.1564 0.6700 0.5414
1.1564 0.6700 0.5414
1.1653 0.6600 0.5215
1.1653 0.6600 0.5215
1.1653 0.6600 0.5215
1.2085 0.6800 0.4971
1.2085 0.6800 0.4971
1.1640 0.6700 0.5334
1.1650 0.6700 0.5323
1.1650 0.6700 0.5323
1.1650 0.6700 0.5323
1.1650 0.6700 0.5323
1.1650 0.6700 0.5323
1.1650 0.6700 0.5323
1.1852 0.6900 0.5322
1.1928 0.7000 0.5347
1.1928 0.7000 0.5347
1.1928 0.7000 0.5347
1.1838 0.6900 0.5336
1.2783 0.7500 0.4972
1.2783 0.7500 0.4972
1.2783 0.7500 0.4972
1.2783 0.7500 0.4972
1.2783 0.7500 0.4972
1.2783 0.7500 0.4972
1.2783 0.7500 0.4972
1.0796 0.6100 0.5591
1.2120 0.7100 0.5250
1.2120 0.7100 0.5250
1.2120 0.7100 0.5250
1.2120 0.7100 0.5250
1.2120 0.7100 0.5250
1.2120 0.7100 0.5250
1.2120 0.7100 0.5250
1.2120 0.7100 0.5250
1.2120 0.7100 0.5250
1.1904 0.6900 0.5267
1.1904 0.6900 0.5267
1.1904 0.6900 0.5267
1.1904 0.6900 0.5267
1.1904 0.6900 0.5267
1.2144 0.7100 0.5224
1.2144 0.7100 0.5224
1.2144 0.7100 0.5224
1.2144 0.7100 0.5224
1.2790 0.7500 0.4965
1.2790 0.7500 0.4965
1.2615 0.7300 0.4939
1.1929 0.6900 0.5240
1.1842 0.6800 0.5227
1.1842 0.6800 0.5227
1.1842 0.6800 0.5227
1.1842 0.6800 0.5227
1.1842 0.6800 0.5227
1.1842 0.6800 0.5227
1.1842 0.6800 0.5227
1.1842 0.6800 0.5227
1.1842 0.6800 0.5227
1.1842 0.6800 0.5227
1.1842 0.6800 0.5227
1.1842 0.6800 0.5227
1.1842 0.6800 0.5227
1.1842 0.6800 0.5227
1.1842 0.6800 0.5227
1.1842 0.6800 0.5227
1.1842 0.6800 0.5227
1.1842 0.6800 0.5227
1.1842 0.6800 0.5227
1.1842 0.6800 0.5227
1.1842 0.6800 0.5227
1.1842 0.6800 0.5227
1.1842 0.6800 0.5227
1.1842 0.6800 0.5227
1.1842 0.6800 0.5227
1.1842 0.6800 0.5227
1.1842 0.6800 0.5227
1.1842 0.6800 0.5227
1.1842 0.6800 0.5227
1.1842 0.6800 0.5227
1.1842 0.6800 0.5227
1.1842 0.6800 0.5227
1.1843 0.6800 0.5226
1.1843 0.6800 0.5226
1.1843 0.6800 0.5226
1.1843 0.6800 0.5226
1.1843 0.6800 0.5226
1.1843 0.6800 0.5226
1.1843 0.6800 0.5226
1.1843 0.6800 0.5226
1.1843 0.6800 0.5226
1.1843 0.6800 0.5226
1.1843 0.6800 0.5226
1.1843 0.6800 0.5226
1.1843 0.6800 0.5226
1.1843 0.6800 0.5226
1.1843 0.6800 0.5226
1.1843 0.6800 0.5226
1.1843 0.6800 0.5226
1.1843 0.6800 0.5226
1.1843 0.6800 0.5226
1.1843 0.6800 0.5226
1.1843 0.6800 0.5226
1.1843 0.6800 0.5226
1.1843 0.6800 0.5226
1.1843 0.6800 0.5226
1.1843 0.6800 0.5226
1.1843 0.6800 0.5226
1.1843 0.6800 0.5226
1.1843 0.6800 0.5226
1.1843 0.6800 0.5226
1.1843 0.6800 0.5226
1.1843 0.6800 0.5226
1.1843 0.6800 0.5226
1.1843 0.6800 0.5226
1.1843 0.6800 0.5226
1.1843 0.6800 0.5226
1.1843 0.6800 0.5226
1.1843 0.6800 0.5226
1.1843 0.6800 0.5226
1.1843 0.6800 0.5226
1.1843 0.6800 0.5226
1.1843 0.6800 0.5226
1.1843 0.6800 0.5226
1.1843 0.6800 0.5226
1.1843 0.6800 0.5226
1.1843 0.6800 0.5226
1.1843 0.6800 0.5226
1.1843 0.6800 0.5226
1.1843 0.6800 0.5226
1.1843 0.6800 0.5226
1.1843 0.6800 0.5226
1.1843 0.6800 0.5226
1.1843 0.6800 0.5226
1.1843 0.6800 0.5226
1.1843 0.6800 0.5226
1.1843 0.6800 0.5226
1.1843 0.6800 0.5226
1.1843 0.6800 0.5226
1.1843 0.6800 0.5226
1.1843 0.6800 0.5226
1.1843 0.6800 0.5226
1.1843 0.6800 0.5226
1.1843 0.6800 0.5226
1.1843 0.6800 0.5226
1.1843 0.6800 0.5226
1.1843 0.6800 0.5226
1.1843 0.6800 0.5226
1.1843 0.6800 0.5226
1.1843 0.6800 0.5226
1.1843 0.6800 0.5226
1.1843 0.6800 0.5226
1.1843 0.6800 0.5226
1.1843 0.6800 0.5226
1.1843 0.6800 0.5226
1.1843 0.6800 0.5226
1.1843 0.6800 0.5226
1.1843 0.6800 0.5226
1.1843 0.6800 0.5226
1.1843 0.6800 0.5226
1.1843 0.6800 0.5226
1.1843 0.6800 0.5226
1.1843 0.6800 0.5226
1.1843 0.6800 0.5226
1.1843 0.6800 0.5226
1.1843 0.6800 0.5226
1.1843 0.6800 0.5226
1.1843 0.6800 0.5226
1.1843 0.6800 0.5226
1.1843 0.6800 0.5226
1.1843 0.6800 0.5226
1.1843 0.6800 0.5226
1.1843 0.6800 0.5226
1.1843 0.6800 0.5226
1.1843 0.6800 0.5226
1.1843 0.6800 0.5226
1.1843 0.6800 0.5226
1.1843 0.6800 0.5226
1.1843 0.6800 0.5226
1.1843 0.6800 0.5226
1.1843 0.6800 0.5226
1.1843 0.6800 0.5226
1.1843 0.6800 0.5226
1.1843 0.6800 0.5226
1.1843 0.6800 0.5226
1.1843 0.6800 0.5226
1.1843 0.6800 0.5226
1.1843 0.6800 0.5226
1.1843 0.6800 0.5226
1.1843 0.6800 0.5226
1.1843 0.6800 0.5226
1.1843 0.6800 0.5226
1.1843 0.6800 0.5226
1.1843 0.6800 0.5226
1.1843 0.6800 0.5226
1.1843 0.6800 0.5226
1.1843 0.6800 0.5226
1.1843 0.6800 0.5226
1.1843 0.6800 0.5226
1.1843 0.6800 0.5226
1.1843 0.6800 0.5226
1.1843 0.6800 0.5226
1.1843 0.6800 0.5226
1.1843 0.6800 0.5226
1.1843 0.6800 0.5226
1.1843 0.6800 0.5226
1.1843 0.6800 0.5226
1.1843 0.6800 0.5226
1.1843 0.6800 0.5226
1.1843 0.6800 0.5226
1.1843 0.6800 0.5226
1.1843 0.6800 0.5226
1.1843 0.6800 0.5226
1.1843 0.6800 0.5226
1.1843 0.6800 0.5226
1.1843 0.6800 0.5226
1.1843 0.6800 0.5226
1.1843 0.6800 0.5226
1.1843 0.6800 0.5226
1.1843 0.6800 0.5226
1.1843 0.6800 0.5226
1.1843 0.6800 0.5226
1.1843 0.6800 0.5226
1.1843 0.6800 0.5226
1.1843 0.6800 0.5226
1.1843 0.6800 0.5226
1.1843 0.6800 0.5226
1.1843 0.6800 0.5226
1.1843 0.6800 0.5226
1.1843 0.6800 0.5226
1.1843 0.6800 0.5226
1.1843 0.6800 0.5226
1.1843 0.6800 0.5226
1.1843 0.6800 0.5226
1.1843 0.6800 0.5226
1.1843 0.6800 0.5226
1.1843 0.6800 0.5226
1.1843 0.6800 0.5226
1.1843 0.6800 0.5226
1.1843 0.6800 0.5226
1.1843 0.6800 0.5226
1.1843 0.6800 0.5226
1.1843 0.6800 0.5226
1.1843 0.6800 0.5226
1.1843 0.6800 0.5226
1.1843 0.6800 0.5226
1.1843 0.6800 0.5226
1.1843 0.6800 0.5226
1.1843 0.6800 0.5226
1.1843 0.6800 0.5226
1.1843 0.6800 0.5226
1.1843 0.6800 0.5226
1.1843 0.6800 0.5226
1.1843 0.6800 0.5226
1.1843 0.6800 0.5226
1.1843 0.6800 0.5226
1.1843 0.6800 0.5226
1.1843 0.6800 0.5226
1.1843 0.6800 0.5226
1.1843 0.6800 0.5226
1.1843 0.6800 0.5226
1.1843 0.6800 0.5226
1.1843 0.6800 0.5226
1.1843 0.6800 0.5226
1.1843 0.6800 0.5226
1.1843 0.6800 0.5226
1.1843 0.6800 0.5226
1.1843 0.6800 0.5226
1.1843 0.6800 0.5226
1.1843 0.6800 0.5226
1.1843 0.6800 0.5226
1.1843 0.6800 0.5226
1.1843 0.6800 0.5226
1.1843 0.6800 0.5226
1.1843 0.6800 0.5226
1.1843 0.6800 0.5226
1.1843 0.6800 0.5226
1.1843 0.6800 0.5226
1.1843 0.6800 0.5226
1.1843 0.6800 0.5226
1.1843 0.6800 0.5226
1.1843 0.6800 0.5226
1.1843 0.6800 0.5226
1.1843 0.6800 0.5226
1.1843 0.6800 0.5226
1.1843 0.6800 0.5226
1.1843 0.6800 0.5226
1.1843 0.6800 0.5226
1.1843 0.6800 0.5226
1.1843 0.6800 0.5226
1.1843 0.6800 0.5226
1.1843 0.6800 0.5226
1.1843 0.6800 0.5226
1.1843 0.6800 0.5226
1.1843 0.6800 0.5226
1.1843 0.6800 0.5226
1.1843 0.6800 0.5226
1.1843 0.6800 0.5226
1.1843 0.6800 0.5226
1.1843 0.6800 0.5226
1.1843 0.6800 0.5226
1.1843 0.6800 0.5226
1.1843 0.6800 0.5226
1.1843 0.6800 0.5226
1.1843 0.6800 0.5226
1.1843 0.6800 0.5226
1.1843 0.6800 0.5226
1.1843 0.6800 0.5226
1.1843 0.6800 0.5226
1.1843 0.6800 0.5226
1.1843 0.6800 0.5226
1.1843 0.6800 0.5226
1.1843 0.6800 0.5226
1.1843 0.6800 0.5226
1.1843 0.6800 0.5226
1.1843 0.6800 0.5226
1.1843 0.6800 0.5226
1.1843 0.6800 0.5226
1.1843 0.6800 0.5226
1.1843 0.6800 0.5226
1.1843 0.6800 0.5226
1.1843 0.6800 0.5226
1.1843 0.6800 0.5226
1.1843 0.6800 0.5226
1.1843 0.6800 0.5226
1.1843 0.6800 0.5226
1.1843 0.6800 0.5226
1.1843 0.6800 0.5226
1.1843 0.6800 0.5226
1.1843 0.6800 0.5226
1.1843 0.6800 0.5226
1.1843 0.6800 0.5226
1.1843 0.6800 0.5226
1.1843 0.6800 0.5226
1.1843 0.6800 0.5226
1.1843 0.6800 0.5226
1.1843 0.6800 0.5226
1.1843 0.6800 0.5226
1.1843 0.6800 0.5226
1.1843 0.6800 0.5226
1.1843 0.6800 0.5226
1.1843 0.6800 0.5226
1.1843 0.6800 0.5226
1.1843 0.6800 0.5226
1.1843 0.6800 0.5226
1.1843 0.6800 0.5226
1.1843 0.6800 0.5226
1.1843 0.6800 0.5226
1.1843 0.6800 0.5226
1.1843 0.6800 0.5226
1.1843 0.6800 0.5226
1.1843 0.6800 0.5226
1.1843 0.6800 0.5226
1.1843 0.6800 0.5226
1.1843 0.6800 0.5226
1.1843 0.6800 0.5226
1.1843 0.6800 0.5226
1.1843 0.6800 0.5226
1.1843 0.6800 0.5226
1.1843 0.6800 0.5226
1.1843 0.6800 0.5226
1.1843 0.6800 0.5226
1.1843 0.6800 0.5226
1.1843 0.6800 0.5226
1.1843 0.6800 0.5226
1.1843 0.6800 0.5226
1.1843 0.6800 0.5226
1.1843 0.6800 0.5226
1.1843 0.6800 0.5226
1.1843 0.6800 0.5226
1.1843 0.6800 0.5226
1.1843 0.6800 0.5226
1.1843 0.6800 0.5226
1.1843 0.6800 0.5226
1.1843 0.6800 0.5226
1.1843 0.6800 0.5226
1.1843 0.6800 0.5226
1.1843 0.6800 0.5226
1.1843 0.6800 0.5226
1.1843 0.6800 0.5226
1.1843 0.6800 0.5226
1.1843 0.6800 0.5226
1.1843 0.6800 0.5226
1.1843 0.6800 0.5226
1.1843 0.6800 0.5226
1.1843 0.6800 0.5226
1.1843 0.6800 0.5226
1.1843 0.6800 0.5226
1.1843 0.6800 0.5226
1.1843 0.6800 0.5226
1.1843 0.6800 0.5226
1.1843 0.6800 0.5226
1.1843 0.6800 0.5226
1.1843 0.6800 0.5226
1.1843 0.6800 0.5226
1.1843 0.6800 0.5226
1.1843 0.6800 0.5226
1.1843 0.6800 0.5226
1.1843 0.6800 0.5226
1.1843 0.6800 0.5226
1.1843 0.6800 0.5226
1.1843 0.6800 0.5226
1.1843 0.6800 0.5226
1.1843 0.6800 0.5226
1.1843 0.6800 0.5226
1.1843 0.6800 0.5226
1.1843 0.6800 0.5226
1.1843 0.6800 0.5226
1.1843 0.6800 0.5226
1.1843 0.6800 0.5226
1.1843 0.6800 0.5226
1.1843 0.6800 0.5226
1.1843 0.6800 0.5226
1.1843 0.6800 0.5226
1.1843 0.6800 0.5226
1.1843 0.6800 0.5226
1.1843 0.6800 0.5226
1.1843 0.6800 0.5226
1.1843 0.6800 0.5226
1.1843 0.6800 0.5226
1.1843 0.6800 0.5226
1.1843 0.6800 0.5226
1.1843 0.6800 0.5226
1.1843 0.6800 0.5226
1.1843 0.6800 0.5226
1.1843 0.6800 0.5226
1.1843 0.6800 0.5226
1.1843 0.6800 0.5226
1.1843 0.6800 0.5226
1.1843 0.6800 0.5226
1.1843 0.6800 0.5226
1.1843 0.6800 0.5226
1.1843 0.6800 0.5226
1.1843 0.6800 0.5226
1.1843 0.6800 0.5226
1.1843 0.6800 0.5226
1.1843 0.6800 0.5226
1.1843 0.6800 0.5226
1.1843 0.6800 0.5226
1.1843 0.6800 0.5226
1.1843 0.6800 0.5226
1.1843 0.6800 0.5226
1.1843 0.6800 0.5226
1.1843 0.6800 0.5226
1.1843 0.6800 0.5226
1.1843 0.6800 0.5226
1.1843 0.6800 0.5226
1.1843 0.6800 0.5226
1.1843 0.6800 0.5226
1.1843 0.6800 0.5226
1.1843 0.6800 0.5226
1.1843 0.6800 0.5226
1.1843 0.6800 0.5226
1.1843 0.6800 0.5226
1.1843 0.6800 0.5226
1.1843 0.6800 0.5226
1.1843 0.6800 0.5226
1.1843 0.6800 0.5226
1.1843 0.6800 0.5226
1.1843 0.6800 0.5226
1.1843 0.6800 0.5226
1.1843 0.6800 0.5226
1.1843 0.6800 0.5226
1.1843 0.6800 0.5226
1.1843 0.6800 0.5226
1.1843 0.6800 0.5226
1.1843 0.6800 0.5226
1.1843 0.6800 0.5226
1.1843 0.6800 0.5226
1.1843 0.6800 0.5226
1.1843 0.6800 0.5226
1.1843 0.6800 0.5226
1.1843 0.6800 0.5226
1.1843 0.6800 0.5226
1.1843 0.6800 0.5226
1.1843 0.6800 0.5226
1.1843 0.6800 0.5226
1.1843 0.6800 0.5226
1.1843 0.6800 0.5226
1.1843 0.6800 0.5226
1.1843 0.6800 0.5226
1.1843 0.6800 0.5226
1.1843 0.6800 0.5226
1.1843 0.6800 0.5226
1.1843 0.6800 0.5226
1.1843 0.6800 0.5226
1.1843 0.6800 0.5226
1.1843 0.6800 0.5226
1.1843 0.6800 0.5226
1.1843 0.6800 0.5226
1.1843 0.6800 0.5226
1.1843 0.6800 0.5226
1.1843 0.6800 0.5226
1.1843 0.6800 0.5226
1.1843 0.6800 0.5226
1.1843 0.6800 0.5226
1.1843 0.6800 0.5226
1.1843 0.6800 0.5226
1.1843 0.6800 0.5226
1.1843 0.6800 0.5226
1.1843 0.6800 0.5226
1.1843 0.6800 0.5226
1.1843 0.6800 0.5226
1.1843 0.6800 0.5226
1.1843 0.6800 0.5226
1.1843 0.6800 0.5226
1.1843 0.6800 0.5226
1.1843 0.6800 0.5226
1.1843 0.6800 0.5226
1.1843 0.6800 0.5226
1.1843 0.6800 0.5226
1.1843 0.6800 0.5226
1.1843 0.6800 0.5226
1.1843 0.6800 0.5226
1.1843 0.6800 0.5226
1.1843 0.6800 0.5226
1.1843 0.6800 0.5226
1.1843 0.6800 0.5226
1.1843 0.6800 0.5226
1.1843 0.6800 0.5226
1.1843 0.6800 0.5226
1.1843 0.6800 0.5226
1.1843 0.6800 0.5226
1.1843 0.6800 0.5226
1.1843 0.6800 0.5226
1.1843 0.6800 0.5226
1.1843 0.6800 0.5226
1.1843 0.6800 0.5226
1.1843 0.6800 0.5226
1.1843 0.6800 0.5226
1.1843 0.6800 0.5226
1.1843 0.6800 0.5226
1.1843 0.6800 0.5226
1.1843 0.6800 0.5226
1.1843 0.6800 0.5226
1.1843 0.6800 0.5226
1.1843 0.6800 0.5226
1.1843 0.6800 0.5226
1.1843 0.6800 0.5226
1.1843 0.6800 0.5226
1.1843 0.6800 0.5226
1.1843 0.6800 0.5226
1.1843 0.6800 0.5226
1.1843 0.6800 0.5226
1.1843 0.6800 0.5226
1.1843 0.6800 0.5226
1.1843 0.6800 0.5226
1.1843 0.6800 0.5226
1.1843 0.6800 0.5226
1.1843 0.6800 0.5226
1.1843 0.6800 0.5226
1.1843 0.6800 0.5226
1.1843 0.6800 0.5226
1.1843 0.6800 0.5226
1.1843 0.6800 0.5226
1.1843 0.6800 0.5226
1.1843 0.6800 0.5226
1.1843 0.6800 0.5226
1.1843 0.6800 0.5226
1.1843 0.6800 0.5226
1.1843 0.6800 0.5226
1.1843 0.6800 0.5226
1.1843 0.6800 0.5226
1.1843 0.6800 0.5226
1.1843 0.6800 0.5226
1.1843 0.6800 0.5226
1.1843 0.6800 0.5226
1.1843 0.6800 0.5226
1.1843 0.6800 0.5226
1.1843 0.6800 0.5226
1.1843 0.6800 0.5226
1.1843 0.6800 0.5226
1.1843 0.6800 0.5226
1.1843 0.6800 0.5226
1.1843 0.6800 0.5226
1.1843 0.6800 0.5226
1.1843 0.6800 0.5226
1.1843 0.6800 0.5226
1.1843 0.6800 0.5226
1.1843 0.6800 0.5226
1.1843 0.6800 0.5226
1.1843 0.6800 0.5226
1.1843 0.6800 0.5226
1.1843 0.6800 0.5226
1.1843 0.6800 0.5226
1.1843 0.6800 0.5226
1.1843 0.6800 0.5226
1.1843 0.6800 0.5226
1.1843 0.6800 0.5226
1.1843 0.6800 0.5226
1.1843 0.6800 0.5226
1.1843 0.6800 0.5226
1.1843 0.6800 0.5226
1.1843 0.6800 0.5226
1.1843 0.6800 0.5226
1.1843 0.6800 0.5226
1.1843 0.6800 0.5226
1.1843 0.6800 0.5226
1.1843 0.6800 0.5226
1.1843 0.6800 0.5226
1.1843 0.6800 0.5226
1.1843 0.6800 0.5226
1.1843 0.6800 0.5226
1.1843 0.6800 0.5226
1.1843 0.6800 0.5226
1.1843 0.6800 0.5226
1.1843 0.6800 0.5226
1.1843 0.6800 0.5226
1.1843 0.6800 0.5226
1.1843 0.6800 0.5226
1.1843 0.6800 0.5226
1.1843 0.6800 0.5226
1.1843 0.6800 0.5226
1.1843 0.6800 0.5226
1.1843 0.6800 0.5226
1.1843 0.6800 0.5226
1.1843 0.6800 0.5226
1.1843 0.6800 0.5226
1.1843 0.6800 0.5226
1.1843 0.6800 0.5226
1.1843 0.6800 0.5226
1.1843 0.6800 0.5226
1.1843 0.6800 0.5226
1.1843 0.6800 0.5226
1.1843 0.6800 0.5226
1.1843 0.6800 0.5226
1.1843 0.6800 0.5226
1.1843 0.6800 0.5226
1.1843 0.6800 0.5226
1.1843 0.6800 0.5226
1.1843 0.6800 0.5226
1.1843 0.6800 0.5226
1.1843 0.6800 0.5226
1.1843 0.6800 0.5226
1.1843 0.6800 0.5226
1.1843 0.6800 0.5226
1.1843 0.6800 0.5226
1.1843 0.6800 0.5226
1.1843 0.6800 0.5226
1.1843 0.6800 0.5226
1.1843 0.6800 0.5226
1.1843 0.6800 0.5226
1.1843 0.6800 0.5226
1.1843 0.6800 0.5226
1.1843 0.6800 0.5226
1.1843 0.6800 0.5226
1.1843 0.6800 0.5226
1.1843 0.6800 0.5226
1.1843 0.6800 0.5226
1.1843 0.6800 0.5226
1.1843 0.6800 0.5226
1.1843 0.6800 0.5226
1.1843 0.6800 0.5226
1.1843 0.6800 0.5226
1.1843 0.6800 0.5226
1.1843 0.6800 0.5226
1.1843 0.6800 0.5226
1.1843 0.6800 0.5226
1.1843 0.6800 0.5226
1.1843 0.6800 0.5226
1.1843 0.6800 0.5226
1.1843 0.6800 0.5226
1.1843 0.6800 0.5226
1.1843 0.6800 0.5226
1.1843 0.6800 0.5226
1.1843 0.6800 0.5226
1.1843 0.6800 0.5226
1.1843 0.6800 0.5226
1.1843 0.6800 0.5226
1.1843 0.6800 0.5226
1.1843 0.6800 0.5226
1.1843 0.6800 0.5226
1.1843 0.6800 0.5226
1.1843 0.6800 0.5226
1.1843 0.6800 0.5226
1.1843 0.6800 0.5226
1.1843 0.6800 0.5226
1.1843 0.6800 0.5226
1.1843 0.6800 0.5226
1.1843 0.6800 0.5226
1.1843 0.6800 0.5226
1.1843 0.6800 0.5226
1.1843 0.6800 0.5226
1.1843 0.6800 0.5226
1.1843 0.6800 0.5226
1.1843 0.6800 0.5226
1.1843 0.6800 0.5226
1.1843 0.6800 0.5226
1.1843 0.6800 0.5226
1.1843 0.6800 0.5226
1.1843 0.6800 0.5226
1.1843 0.6800 0.5226
1.1843 0.6800 0.5226
1.1843 0.6800 0.5226
1.1843 0.6800 0.5226
1.1843 0.6800 0.5226
1.1843 0.6800 0.5226
1.1843 0.6800 0.5226
1.1843 0.6800 0.5226
1.1843 0.6800 0.5226
1.1843 0.6800 0.5226
1.1843 0.6800 0.5226
1.1843 0.6800 0.5226
1.1843 0.6800 0.5226
1.1843 0.6800 0.5226
1.1843 0.6800 0.5226
1.1843 0.6800 0.5226
1.1843 0.6800 0.5226
1.1843 0.6800 0.5226
1.1843 0.6800 0.5226
1.1843 0.6800 0.5226
1.1843 0.6800 0.5226
1.1843 0.6800 0.5226
1.1843 0.6800 0.5226
1.1843 0.6800 0.5226
1.1843 0.6800 0.5226
1.1843 0.6800 0.5226
1.1843 0.6800 0.5226
1.1843 0.6800 0.5226
1.1843 0.6800 0.5226
1.1843 0.6800 0.5226
1.1843 0.6800 0.5226
1.1843 0.6800 0.5226
1.1843 0.6800 0.5226
1.1843 0.6800 0.5226
1.1843 0.6800 0.5226
1.1843 0.6800 0.5226
1.1843 0.6800 0.5226
1.1843 0.6800 0.5226
1.1843 0.6800 0.5226
1.1843 0.6800 0.5226
1.1843 0.6800 0.5226
1.1843 0.6800 0.5226
1.1843 0.6800 0.5226
1.1843 0.6800 0.5226
1.1843 0.6800 0.5226
1.1843 0.6800 0.5226
1.1843 0.6800 0.5226
1.1843 0.6800 0.5226
1.1843 0.6800 0.5226
1.1843 0.6800 0.5226
1.1843 0.6800 0.5226
1.1843 0.6800 0.5226
1.1843 0.6800 0.5226
1.1843 0.6800 0.5226
1.1843 0.6800 0.5226
1.1843 0.6800 0.5226
1.1843 0.6800 0.5226
1.1843 0.6800 0.5226
1.1843 0.6800 0.5226
1.1843 0.6800 0.5226
1.1843 0.6800 0.5226
1.1843 0.6800 0.5226
1.1843 0.6800 0.5226
1.1843 0.6800 0.5226
1.1843 0.6800 0.5226
1.1843 0.6800 0.5226
1.1843 0.6800 0.5226
1.1843 0.6800 0.5226
1.1843 0.6800 0.5226
1.1843 0.6800 0.5226
1.1843 0.6800 0.5226
1.1843 0.6800 0.5226
1.1843 0.6800 0.5226
1.1843 0.6800 0.5226
1.1843 0.6800 0.5226
1.1843 0.6800 0.5226
1.1843 0.6800 0.5226
1.1843 0.6800 0.5226
1.1843 0.6800 0.5226
1.1843 0.6800 0.5226
1.1843 0.6800 0.5226
1.1843 0.6800 0.5226
1.1843 0.6800 0.5226
1.1843 0.6800 0.5226
1.1843 0.6800 0.5226
1.1843 0.6800 0.5226
1.1843 0.6800 0.5226
1.1843 0.6800 0.5226
1.1843 0.6800 0.5226
1.1843 0.6800 0.5226
1.1843 0.6800 0.5226
1.1843 0.6800 0.5226
1.1843 0.6800 0.5226
1.1843 0.6800 0.5226
1.1843 0.6800 0.5226
1.1843 0.6800 0.5226
1.1843 0.6800 0.5226
1.1843 0.6800 0.5226
1.1843 0.6800 0.5226
1.1843 0.6800 0.5226
1.1843 0.6800 0.5226
1.1843 0.6800 0.5226
1.1843 0.6800 0.5226
1.1843 0.6800 0.5226
1.1843 0.6800 0.5226
1.1843 0.6800 0.5226
1.1843 0.6800 0.5226
1.1843 0.6800 0.5226
1.1843 0.6800 0.5226
1.1843 0.6800 0.5226
1.1843 0.6800 0.5226
1.1843 0.6800 0.5226
1.1843 0.6800 0.5226
1.1843 0.6800 0.5226
1.1843 0.6800 0.5226
1.1843 0.6800 0.5226
1.1843 0.6800 0.5226
1.1843 0.6800 0.5226
1.1843 0.6800 0.5226
1.1843 0.6800 0.5226
1.1843 0.6800 0.5226
1.1843 0.6800 0.5226
1.1843 0.6800 0.5226
1.1843 0.6800 0.5226
1.1843 0.6800 0.5226
1.1843 0.6800 0.5226
1.1843 0.6800 0.5226
1.1843 0.6800 0.5226
1.1843 0.6800 0.5226
1.1843 0.6800 0.5226
1.1843 0.6800 0.5226
1.1843 0.6800 0.5226
1.1843 0.6800 0.5226
1.1843 0.6800 0.5226
1.1843 0.6800 0.5226
1.1843 0.6800 0.5226
1.1843 0.6800 0.5226
1.1843 0.6800 0.5226
1.1843 0.6800 0.5226
1.1843 0.6800 0.5226
1.1843 0.6800 0.5226
1.1843 0.6800 0.5226
1.1843 0.6800 0.5226
1.1843 0.6800 0.5226
1.1843 0.6800 0.5226
1.1843 0.6800 0.5226
1.1843 0.6800 0.5226
1.1843 0.6800 0.5226
1.1843 0.6800 0.5226
1.1843 0.6800 0.5226
1.1843 0.6800 0.5226
1.1843 0.6800 0.5226
1.1843 0.6800 0.5226
1.1843 0.6800 0.5226
1.1843 0.6800 0.5226
1.1843 0.6800 0.5226
1.1843 0.6800 0.5226
1.1843 0.6800 0.5226
1.1843 0.6800 0.5226
1.1843 0.6800 0.5226
1.1843 0.6800 0.5226
1.1843 0.6800 0.5226
1.1843 0.6800 0.5226
1.1843 0.6800 0.5226
1.1843 0.6800 0.5226
1.1843 0.6800 0.5226
1.1843 0.6800 0.5226
1.1843 0.6800 0.5226
1.1843 0.6800 0.5226
1.1843 0.6800 0.5226
1.1843 0.6800 0.5226
1.1843 0.6800 0.5226
1.1843 0.6800 0.5226
1.1843 0.6800 0.5226
1.1843 0.6800 0.5226
1.1843 0.6800 0.5226
1.1843 0.6800 0.5226
1.1843 0.6800 0.5226
1.1843 0.6800 0.5226
1.1843 0.6800 0.5226
1.1843 0.6800 0.5226
1.1843 0.6800 0.5226
1.1843 0.6800 0.5226
1.1843 0.6800 0.5226
1.1843 0.6800 0.5226
1.1843 0.6800 0.5226
1.1843 0.6800 0.5226
1.1843 0.6800 0.5226
1.1843 0.6800 0.5226
1.1843 0.6800 0.5226
1.1843 0.6800 0.5226
1.1843 0.6800 0.5226
1.1843 0.6800 0.5226
1.1843 0.6800 0.5226
1.1843 0.6800 0.5226
1.1843 0.6800 0.5226
1.1843 0.6800 0.5226
1.1843 0.6800 0.5226
1.1843 0.6800 0.5226
1.1843 0.6800 0.5226
1.1843 0.6800 0.5226
1.1843 0.6800 0.5226
1.1843 0.6800 0.5226
1.1843 0.6800 0.5226
1.1843 0.6800 0.5226
1.1843 0.6800 0.5226
1.1843 0.6800 0.5226
1.1843 0.6800 0.5226
1.1843 0.6800 0.5226
1.1843 0.6800 0.5226
1.1843 0.6800 0.5226
1.1843 0.6800 0.5226
1.1843 0.6800 0.5226
1.1843 0.6800 0.5226
1.1843 0.6800 0.5226
1.1843 0.6800 0.5226
1.1843 0.6800 0.5226
1.1843 0.6800 0.5226
1.1843 0.6800 0.5226
1.1843 0.6800 0.5226
1.1843 0.6800 0.5226
1.1843 0.6800 0.5226
1.1843 0.6800 0.5226
1.1843 0.6800 0.5226
1.1843 0.6800 0.5226
1.1843 0.6800 0.5226
1.1843 0.6800 0.5226
1.1843 0.6800 0.5226
1.1843 0.6800 0.5226
1.1843 0.6800 0.5226
1.1843 0.6800 0.5226
1.1843 0.6800 0.5226
1.1843 0.6800 0.5226
1.1843 0.6800 0.5226
1.1843 0.6800 0.5226
1.1843 0.6800 0.5226
1.1843 0.6800 0.5226
1.1843 0.6800 0.5226
1.1843 0.6800 0.5226
1.1843 0.6800 0.5226
1.1843 0.6800 0.5226
1.1843 0.6800 0.5226
1.1843 0.6800 0.5226
1.1843 0.6800 0.5226
1.1843 0.6800 0.5226
1.1843 0.6800 0.5226
1.1843 0.6800 0.5226
1.1843 0.6800 0.5226
1.1843 0.6800 0.5226
1.1843 0.6800 0.5226
1.1843 0.6800 0.5226
1.1843 0.6800 0.5226
1.1843 0.6800 0.5226
1.1843 0.6800 0.5226
1.1843 0.6800 0.5226
1.1843 0.6800 0.5226
1.1843 0.6800 0.5226
1.1843 0.6800 0.5226
1.1843 0.6800 0.5226
1.1843 0.6800 0.5226
1.1843 0.6800 0.5226
1.1843 0.6800 0.5226
1.1843 0.6800 0.5226
1.1843 0.6800 0.5226
1.1843 0.6800 0.5226
1.1843 0.6800 0.5226
1.1843 0.6800 0.5226
1.1843 0.6800 0.5226
1.1843 0.6800 0.5226
1.1843 0.6800 0.5226
1.1843 0.6800 0.5226
1.1843 0.6800 0.5226
1.1843 0.6800 0.5226
1.1843 0.6800 0.5226
1.1843 0.6800 0.5226
1.1843 0.6800 0.5226
1.1843 0.6800 0.5226
1.1843 0.6800 0.5226
1.1843 0.6800 0.5226
1.1843 0.6800 0.5226
1.1843 0.6800 0.5226
1.1843 0.6800 0.5226
1.1843 0.6800 0.5226
1.1843 0.6800 0.5226
1.1843 0.6800 0.5226
1.1843 0.6800 0.5226
1.1843 0.6800 0.5226
1.1843 0.6800 0.5226
1.1843 0.6800 0.5226
1.1843 0.6800 0.5226
1.1843 0.6800 0.5226
1.1843 0.6800 0.5226
1.1843 0.6800 0.5226
1.1843 0.6800 0.5226
1.1843 0.6800 0.5226
1.1843 0.6800 0.5226
1.1843 0.6800 0.5226
1.1843 0.6800 0.5226
1.1843 0.6800 0.5226
1.1843 0.6800 0.5226
1.1843 0.6800 0.5226
1.1843 0.6800 0.5226
1.1843 0.6800 0.5226
1.1843 0.6800 0.5226
1.1843 0.6800 0.5226
1.1843 0.6800 0.5226
1.1843 0.6800 0.5226
1.1843 0.6800 0.5226
1.1843 0.6800 0.5226
1.1843 0.6800 0.5226
1.1843 0.6800 0.5226
1.1843 0.6800 0.5226
1.1843 0.6800 0.5226
1.1843 0.6800 0.5226
1.1843 0.6800 0.5226
1.1843 0.6800 0.5226
1.1843 0.6800 0.5226
1.1843 0.6800 0.5226
1.1843 0.6800 0.5226
1.1843 0.6800 0.5226
1.1843 0.6800 0.5226
1.1843 0.6800 0.5226
1.1843 0.6800 0.5226
1.1843 0.6800 0.5226
1.1843 0.6800 0.5226
1.1843 0.6800 0.5226
1.1843 0.6800 0.5226
1.1843 0.6800 0.5226
1.1843 0.6800 0.5226
1.1843 0.6800 0.5226
1.1843 0.6800 0.5226
1.1843 0.6800 0.5226
1.1843 0.6800 0.5226
1.1843 0.6800 0.5226
1.1843 0.6800 0.5226
1.1843 0.6800 0.5226
1.1843 0.6800 0.5226
1.1843 0.6800 0.5226
1.1843 0.6800 0.5226
1.1843 0.6800 0.5226
1.1843 0.6800 0.5226
1.1843 0.6800 0.5226
1.1843 0.6800 0.5226
1.1843 0.6800 0.5226
1.1843 0.6800 0.5226
1.1843 0.6800 0.5226
1.1843 0.6800 0.5226
1.1843 0.6800 0.5226
1.1843 0.6800 0.5226
1.1843 0.6800 0.5226
1.1843 0.6800 0.5226
1.1843 0.6800 0.5226
1.1843 0.6800 0.5226
1.1843 0.6800 0.5226
1.1843 0.6800 0.5226
1.1843 0.6800 0.5226
1.1843 0.6800 0.5226
1.1843 0.6800 0.5226
1.1843 0.6800 0.5226
1.1843 0.6800 0.5226
1.1843 0.6800 0.5226
1.1843 0.6800 0.5226
1.1843 0.6800 0.5226
1.1843 0.6800 0.5226
1.1843 0.6800 0.5226
1.1843 0.6800 0.5226
1.1843 0.6800 0.5226
1.1843 0.6800 0.5226
1.1843 0.6800 0.5226
1.1843 0.6800 0.5226
1.1843 0.6800 0.5226
1.1843 0.6800 0.5226
1.1843 0.6800 0.5226
1.1843 0.6800 0.5226
1.1843 0.6800 0.5226
1.1843 0.6800 0.5226
1.1843 0.6800 0.5226
1.1843 0.6800 0.5226
1.1843 0.6800 0.5226
1.1843 0.6800 0.5226
1.1843 0.6800 0.5226
1.1843 0.6800 0.5226
1.1843 0.6800 0.5226
1.1843 0.6800 0.5226
1.1843 0.6800 0.5226
1.1843 0.6800 0.5226
1.1843 0.6800 0.5226
1.1843 0.6800 0.5226
1.1843 0.6800 0.5226
1.1843 0.6800 0.5226
1.1843 0.6800 0.5226
1.1843 0.6800 0.5226
1.1843 0.6800 0.5226
1.1843 0.6800 0.5226
1.1843 0.6800 0.5226
1.1843 0.6800 0.5226
1.1843 0.6800 0.5226
1.1843 0.6800 0.5226
1.1843 0.6800 0.5226
1.1843 0.6800 0.5226
1.1843 0.6800 0.5226
1.1843 0.6800 0.5226
1.1843 0.6800 0.5226
1.1843 0.6800 0.5226
1.1843 0.6800 0.5226
1.1843 0.6800 0.5226
1.1843 0.6800 0.5226
1.1843 0.6800 0.5226
1.1843 0.6800 0.5226