875
1.2322 0.6700 0.4615
1.2322 0.6700 0.4615
1.2392 0.6800 0.4646
1.2392 0.6800 0.4646
1.2392 0.6800 0.4646
1.2392 0.6800 0.4646
1.2392 0.6800 0.4646
1.2392 0.6800 0.4646
1.2461 0.6500 0.4258
1.2461 0.6500 0.4258
1.2555 0.6800 0.4475
1.2555 0.6800 0.4475
1.2555 0.6800 0.4475
1.2555 0.6800 0.4475
1.2555 0.6800 0.4475
1.2601 0.7000 0.4637
1.2623 0.6900 0.4508
1.2656 0.6800 0.4369
1.2656 0.6800 0.4369
1.2780 0.6900 0.4343
1.2780 0.6900 0.4343
1.2780 0.6900 0.4343
1.2780 0.6900 0.4343
1.2780 0.6900 0.4343
1.2780 0.6900 0.4343
1.2787 0.6800 0.4231
1.2787 0.6800 0.4231
1.2839 0.6900 0.4281
1.2839 0.6900 0.4281
1.2861 0.6800 0.4153
1.2878 0.6800 0.4134
1.2970 0.6900 0.4143
1.2970 0.6900 0.4143
1.2970 0.6900 0.4143
1.2970 0.6900 0.4143
1.2970 0.6900 0.4143
1.2970 0.6900 0.4143
1.2970 0.6900 0.4143
1.2970 0.6900 0.4143
1.2970 0.6900 0.4143
1.2970 0.6900 0.4143
1.3127 0.6900 0.3978
1.3127 0.6900 0.3978
1.3127 0.6900 0.3978
1.3127 0.6900 0.3978
1.3127 0.6900 0.3978
1.3127 0.6900 0.3978
1.3127 0.6900 0.3978
1.3127 0.6900 0.3978
1.3127 0.6900 0.3978
1.3194 0.7000 0.4012
1.3194 0.7000 0.4012
1.3194 0.7000 0.4012
1.3194 0.7000 0.4012
1.3218 0.7000 0.3987
1.3218 0.7000 0.3987
1.3218 0.7000 0.3987
1.3218 0.7000 0.3987
1.3218 0.7000 0.3987
1.3218 0.7000 0.3987
1.3218 0.7000 0.3987
1.3229 0.7000 0.3976
1.3229 0.7000 0.3976
1.3229 0.7000 0.3976
1.3229 0.7000 0.3976
1.3266 0.7000 0.3936
1.3266 0.7000 0.3936
1.3266 0.7000 0.3936
1.3266 0.7000 0.3936
1.3266 0.7000 0.3936
1.3266 0.7000 0.3936
1.3266 0.7000 0.3936
1.3266 0.7000 0.3936
1.3266 0.7000 0.3936
1.3266 0.7000 0.3936
1.3287 0.7000 0.3914
1.3287 0.7000 0.3914
1.3287 0.7000 0.3914
1.3287 0.7000 0.3914
1.3287 0.7000 0.3914
1.3287 0.7000 0.3914
1.3287 0.7000 0.3914
1.3287 0.7000 0.3914
1.3287 0.7000 0.3914
1.3287 0.7000 0.3914
1.3287 0.7000 0.3914
1.3287 0.7000 0.3914
1.3287 0.7000 0.3914
1.3287 0.7000 0.3914
1.3287 0.7000 0.3914
1.3287 0.7000 0.3914
1.3287 0.7000 0.3914
1.3287 0.7000 0.3914
1.3287 0.7000 0.3914
1.3287 0.7000 0.3914
1.3287 0.7000 0.3914
1.3287 0.7000 0.3914
1.3287 0.7000 0.3914
1.3287 0.7000 0.3914
1.3287 0.7000 0.3914
1.3287 0.7000 0.3914
1.3287 0.7000 0.3914
1.3287 0.7000 0.3914
1.3287 0.7000 0.3914
1.3287 0.7000 0.3914
1.3287 0.7000 0.3914
1.3287 0.7000 0.3914
1.3287 0.7000 0.3914
1.3287 0.7000 0.3914
1.3287 0.7000 0.3914
1.3287 0.7000 0.3914
1.3287 0.7000 0.3914
1.3287 0.7000 0.3914
1.3287 0.7000 0.3914
1.3287 0.7000 0.3914
1.3287 0.7000 0.3914
1.3287 0.7000 0.3914
1.3287 0.7000 0.3914
1.3287 0.7000 0.3914
1.3287 0.7000 0.3914
1.3287 0.7000 0.3914
1.3287 0.7000 0.3914
1.3287 0.7000 0.3914
1.3287 0.7000 0.3914
1.3287 0.7000 0.3914
1.3287 0.7000 0.3914
1.3287 0.7000 0.3914
1.3287 0.7000 0.3914
1.3287 0.7000 0.3914
1.3287 0.7000 0.3914
1.3287 0.7000 0.3914
1.3287 0.7000 0.3914
1.3287 0.7000 0.3914
1.3287 0.7000 0.3914
1.3287 0.7000 0.3914
1.3287 0.7000 0.3914
1.3287 0.7000 0.3914
1.3287 0.7000 0.3914
1.3287 0.7000 0.3914
1.3287 0.7000 0.3914
1.3287 0.7000 0.3914
1.3287 0.7000 0.3914
1.3287 0.7000 0.3914
1.3287 0.7000 0.3914
1.3287 0.7000 0.3914
1.3287 0.7000 0.3914
1.3287 0.7000 0.3914
1.3287 0.7000 0.3914
1.3287 0.7000 0.3914
1.3287 0.7000 0.3914
1.3287 0.7000 0.3914
1.3287 0.7000 0.3914
1.3287 0.7000 0.3914
1.3287 0.7000 0.3914
1.3287 0.7000 0.3914
1.3287 0.7000 0.3914
1.3287 0.7000 0.3914
1.3287 0.7000 0.3914
1.3287 0.7000 0.3914
1.3287 0.7000 0.3914
1.3287 0.7000 0.3914
1.3287 0.7000 0.3914
1.3287 0.7000 0.3914
1.3287 0.7000 0.3914
1.3287 0.7000 0.3914
1.3287 0.7000 0.3914
1.3287 0.7000 0.3914
1.3287 0.7000 0.3914
1.3287 0.7000 0.3914
1.3287 0.7000 0.3914
1.3287 0.7000 0.3914
1.3287 0.7000 0.3914
1.3287 0.7000 0.3914
1.3287 0.7000 0.3914
1.3287 0.7000 0.3914
1.3287 0.7000 0.3914
1.3287 0.7000 0.3914
1.3287 0.7000 0.3914
1.3287 0.7000 0.3914
1.3287 0.7000 0.3914
1.3287 0.7000 0.3914
1.3287 0.7000 0.3914
1.3287 0.7000 0.3914
1.3287 0.7000 0.3914
1.3287 0.7000 0.3914
1.3287 0.7000 0.3914
1.3287 0.7000 0.3914
1.3287 0.7000 0.3914
1.3287 0.7000 0.3914
1.3287 0.7000 0.3914
1.3287 0.7000 0.3914
1.3287 0.7000 0.3914
1.3287 0.7000 0.3914
1.3287 0.7000 0.3914
1.3287 0.7000 0.3914
1.3287 0.7000 0.3914
1.3287 0.7000 0.3914
1.3287 0.7000 0.3914
1.3287 0.7000 0.3914
1.3287 0.7000 0.3914
1.3287 0.7000 0.3914
1.3287 0.7000 0.3914
1.3287 0.7000 0.3914
1.3287 0.7000 0.3914
1.3287 0.7000 0.3914
1.3287 0.7000 0.3914
1.3287 0.7000 0.3914
1.3287 0.7000 0.3914
1.3287 0.7000 0.3914
1.3287 0.7000 0.3914
1.3287 0.7000 0.3914
1.3287 0.7000 0.3914
1.3287 0.7000 0.3914
1.3287 0.7000 0.3914
1.3287 0.7000 0.3914
1.3287 0.7000 0.3914
1.3287 0.7000 0.3914
1.3287 0.7000 0.3914
1.3287 0.7000 0.3914
1.3287 0.7000 0.3914
1.3287 0.7000 0.3914
1.3287 0.7000 0.3914
1.3287 0.7000 0.3914
1.3287 0.7000 0.3914
1.3287 0.7000 0.3914
1.3287 0.7000 0.3914
1.3287 0.7000 0.3914
1.3287 0.7000 0.3914
1.3287 0.7000 0.3914
1.3287 0.7000 0.3914
1.3287 0.7000 0.3914
1.3287 0.7000 0.3914
1.3287 0.7000 0.3914
1.3287 0.7000 0.3914
1.3287 0.7000 0.3914
1.3287 0.7000 0.3914
1.3287 0.7000 0.3914
1.3287 0.7000 0.3914
1.3287 0.7000 0.3914
1.3287 0.7000 0.3914
1.3287 0.7000 0.3914
1.3287 0.7000 0.3914
1.3287 0.7000 0.3914
1.3287 0.7000 0.3914
1.3287 0.7000 0.3914
1.3287 0.7000 0.3914
1.3287 0.7000 0.3914
1.3287 0.7000 0.3914
1.3287 0.7000 0.3914
1.3287 0.7000 0.3914
1.3287 0.7000 0.3914
1.3287 0.7000 0.3914
1.3287 0.7000 0.3914
1.3287 0.7000 0.3914
1.3287 0.7000 0.3914
1.3287 0.7000 0.3914
1.3287 0.7000 0.3914
1.3287 0.7000 0.3914
1.3287 0.7000 0.3914
1.3287 0.7000 0.3914
1.3287 0.7000 0.3914
1.3287 0.7000 0.3914
1.3287 0.7000 0.3914
1.3287 0.7000 0.3914
1.3287 0.7000 0.3914
1.3287 0.7000 0.3914
1.3287 0.7000 0.3914
1.3287 0.7000 0.3914
1.3287 0.7000 0.3914
1.3287 0.7000 0.3914
1.3287 0.7000 0.3914
1.3287 0.7000 0.3914
1.3287 0.7000 0.3914
1.3287 0.7000 0.3914
1.3287 0.7000 0.3914
1.3287 0.7000 0.3914
1.3287 0.7000 0.3914
1.3287 0.7000 0.3914
1.3287 0.7000 0.3914
1.3287 0.7000 0.3914
1.3287 0.7000 0.3914
1.3287 0.7000 0.3914
1.3287 0.7000 0.3914
1.3287 0.7000 0.3914
1.3287 0.7000 0.3914
1.3287 0.7000 0.3914
1.3287 0.7000 0.3914
1.3287 0.7000 0.3914
1.3287 0.7000 0.3914
1.3287 0.7000 0.3914
1.3287 0.7000 0.3914
1.3287 0.7000 0.3914
1.3287 0.7000 0.3914
1.3287 0.7000 0.3914
1.3287 0.7000 0.3914
1.3287 0.7000 0.3914
1.3287 0.7000 0.3914
1.3287 0.7000 0.3914
1.3287 0.7000 0.3914
1.3287 0.7000 0.3914
1.3287 0.7000 0.3914
1.3287 0.7000 0.3914
1.3287 0.7000 0.3914
1.3287 0.7000 0.3914
1.3287 0.7000 0.3914
1.3287 0.7000 0.3914
1.3287 0.7000 0.3914
1.3287 0.7000 0.3914
1.3287 0.7000 0.3914
1.3287 0.7000 0.3914
1.3287 0.7000 0.3914
1.3287 0.7000 0.3914
1.3287 0.7000 0.3914
1.3287 0.7000 0.3914
1.3287 0.7000 0.3914
1.3287 0.7000 0.3914
1.3287 0.7000 0.3914
1.3287 0.7000 0.3914
1.3287 0.7000 0.3914
1.3287 0.7000 0.3914
1.3287 0.7000 0.3914
1.3287 0.7000 0.3914
1.3287 0.7000 0.3914
1.3287 0.7000 0.3914
1.3287 0.7000 0.3914
1.3287 0.7000 0.3914
1.3287 0.7000 0.3914
1.3287 0.7000 0.3914
1.3287 0.7000 0.3914
1.3287 0.7000 0.3914
1.3287 0.7000 0.3914
1.3287 0.7000 0.3914
1.3287 0.7000 0.3914
1.3287 0.7000 0.3914
1.3287 0.7000 0.3914
1.3287 0.7000 0.3914
1.3287 0.7000 0.3914
1.3287 0.7000 0.3914
1.3287 0.7000 0.3914
1.3287 0.7000 0.3914
1.3287 0.7000 0.3914
1.3287 0.7000 0.3914
1.3287 0.7000 0.3914
1.3287 0.7000 0.3914
1.3287 0.7000 0.3914
1.3287 0.7000 0.3914
1.3287 0.7000 0.3914
1.3287 0.7000 0.3914
1.3287 0.7000 0.3914
1.3287 0.7000 0.3914
1.3287 0.7000 0.3914
1.3287 0.7000 0.3914
1.3287 0.7000 0.3914
1.3287 0.7000 0.3914
1.3287 0.7000 0.3914
1.3287 0.7000 0.3914
1.3287 0.7000 0.3914
1.3287 0.7000 0.3914
1.3287 0.7000 0.3914
1.3287 0.7000 0.3914
1.3287 0.7000 0.3914
1.3287 0.7000 0.3914
1.3287 0.7000 0.3914
1.3287 0.7000 0.3914
1.3287 0.7000 0.3914
1.3287 0.7000 0.3914
1.3287 0.7000 0.3914
1.3287 0.7000 0.3914
1.3287 0.7000 0.3914
1.3287 0.7000 0.3914
1.3287 0.7000 0.3914
1.3287 0.7000 0.3914
1.3287 0.7000 0.3914
1.3287 0.7000 0.3914
1.3287 0.7000 0.3914
1.3287 0.7000 0.3914
1.3287 0.7000 0.3914
1.3287 0.7000 0.3914
1.3287 0.7000 0.3914
1.3287 0.7000 0.3914
1.3287 0.7000 0.3914
1.3287 0.7000 0.3914
1.3287 0.7000 0.3914
1.3287 0.7000 0.3914
1.3287 0.7000 0.3914
1.3287 0.7000 0.3914
1.3287 0.7000 0.3914
1.3287 0.7000 0.3914
1.3287 0.7000 0.3914
1.3287 0.7000 0.3914
1.3287 0.7000 0.3914
1.3287 0.7000 0.3914
1.3287 0.7000 0.3914
1.3287 0.7000 0.3914
1.3287 0.7000 0.3914
1.3287 0.7000 0.3914
1.3287 0.7000 0.3914
1.3287 0.7000 0.3914
1.3287 0.7000 0.3914
1.3287 0.7000 0.3914
1.3287 0.7000 0.3914
1.3287 0.7000 0.3914
1.3287 0.7000 0.3914
1.3287 0.7000 0.3914
1.3287 0.7000 0.3914
1.3287 0.7000 0.3914
1.3287 0.7000 0.3914
1.3287 0.7000 0.3914
1.3287 0.7000 0.3914
1.3287 0.7000 0.3914
1.3287 0.7000 0.3914
1.3287 0.7000 0.3914
1.3287 0.7000 0.3914
1.3287 0.7000 0.3914
1.3287 0.7000 0.3914
1.3287 0.7000 0.3914
1.3287 0.7000 0.3914
1.3287 0.7000 0.3914
1.3287 0.7000 0.3914
1.3287 0.7000 0.3914
1.3287 0.7000 0.3914
1.3287 0.7000 0.3914
1.3287 0.7000 0.3914
1.3287 0.7000 0.3914
1.3287 0.7000 0.3914
1.3287 0.7000 0.3914
1.3287 0.7000 0.3914
1.3287 0.7000 0.3914
1.3287 0.7000 0.3914
1.3287 0.7000 0.3914
1.3287 0.7000 0.3914
1.3287 0.7000 0.3914
1.3287 0.7000 0.3914
1.3287 0.7000 0.3914
1.3287 0.7000 0.3914
1.3287 0.7000 0.3914
1.3287 0.7000 0.3914
1.3287 0.7000 0.3914
1.3287 0.7000 0.3914
1.3287 0.7000 0.3914
1.3287 0.7000 0.3914
1.3287 0.7000 0.3914
1.3287 0.7000 0.3914
1.3287 0.7000 0.3914
1.3287 0.7000 0.3914
1.3287 0.7000 0.3914
1.3287 0.7000 0.3914
1.3287 0.7000 0.3914
1.3287 0.7000 0.3914
1.3287 0.7000 0.3914
1.3287 0.7000 0.3914
1.3287 0.7000 0.3914
1.3287 0.7000 0.3914
1.3287 0.7000 0.3914
1.3287 0.7000 0.3914
1.3287 0.7000 0.3914
1.3287 0.7000 0.3914
1.3287 0.7000 0.3914
1.3287 0.7000 0.3914
1.3287 0.7000 0.3914
1.3287 0.7000 0.3914
1.3287 0.7000 0.3914
1.3287 0.7000 0.3914
1.3287 0.7000 0.3914
1.3287 0.7000 0.3914
1.3287 0.7000 0.3914
1.3287 0.7000 0.3914
1.3287 0.7000 0.3914
1.3287 0.7000 0.3914
1.3287 0.7000 0.3914
1.3287 0.7000 0.3914
1.3287 0.7000 0.3914
1.3287 0.7000 0.3914
1.3287 0.7000 0.3914
1.3287 0.7000 0.3914
1.3287 0.7000 0.3914
1.3287 0.7000 0.3914
1.3287 0.7000 0.3914
1.3287 0.7000 0.3914
1.3287 0.7000 0.3914
1.3287 0.7000 0.3914
1.3287 0.7000 0.3914
1.3287 0.7000 0.3914
1.3287 0.7000 0.3914
1.3287 0.7000 0.3914
1.3287 0.7000 0.3914
1.3287 0.7000 0.3914
1.3287 0.7000 0.3914
1.3287 0.7000 0.3914
1.3287 0.7000 0.3914
1.3287 0.7000 0.3914
1.3287 0.7000 0.3914
1.3287 0.7000 0.3914
1.3287 0.7000 0.3914
1.3287 0.7000 0.3914
1.3287 0.7000 0.3914
1.3287 0.7000 0.3914
1.3287 0.7000 0.3914
1.3287 0.7000 0.3914
1.3287 0.7000 0.3914
1.3287 0.7000 0.3914
1.3287 0.7000 0.3914
1.3287 0.7000 0.3914
1.3287 0.7000 0.3914
1.3287 0.7000 0.3914
1.3287 0.7000 0.3914
1.3287 0.7000 0.3914
1.3287 0.7000 0.3914
1.3287 0.7000 0.3914
1.3287 0.7000 0.3914
1.3287 0.7000 0.3914
1.3287 0.7000 0.3914
1.3287 0.7000 0.3914
1.3287 0.7000 0.3914
1.3287 0.7000 0.3914
1.3287 0.7000 0.3914
1.3287 0.7000 0.3914
1.3287 0.7000 0.3914
1.3287 0.7000 0.3914
1.3287 0.7000 0.3914
1.3287 0.7000 0.3914
1.3287 0.7000 0.3914
1.3287 0.7000 0.3914
1.3287 0.7000 0.3914
1.3287 0.7000 0.3914
1.3287 0.7000 0.3914
1.3287 0.7000 0.3914
1.3287 0.7000 0.3914
1.3287 0.7000 0.3914
1.3287 0.7000 0.3914
1.3287 0.7000 0.3914
1.3287 0.7000 0.3914
1.3287 0.7000 0.3914
1.3287 0.7000 0.3914
1.3287 0.7000 0.3914
1.3287 0.7000 0.3914
1.3287 0.7000 0.3914
1.3287 0.7000 0.3914
1.3287 0.7000 0.3914
1.3287 0.7000 0.3914
1.3287 0.7000 0.3914
1.3287 0.7000 0.3914
1.3287 0.7000 0.3914
1.3287 0.7000 0.3914
1.3287 0.7000 0.3914
1.3287 0.7000 0.3914
1.3287 0.7000 0.3914
1.3287 0.7000 0.3914
1.3287 0.7000 0.3914
1.3287 0.7000 0.3914
1.3287 0.7000 0.3914
1.3287 0.7000 0.3914
1.3287 0.7000 0.3914
1.3287 0.7000 0.3914
1.3287 0.7000 0.3914
1.3287 0.7000 0.3914
1.3287 0.7000 0.3914
1.3287 0.7000 0.3914
1.3287 0.7000 0.3914
1.3287 0.7000 0.3914
1.3287 0.7000 0.3914
1.3287 0.7000 0.3914
1.3287 0.7000 0.3914
1.3287 0.7000 0.3914
1.3287 0.7000 0.3914
1.3287 0.7000 0.3914
1.3287 0.7000 0.3914
1.3287 0.7000 0.3914
1.3287 0.7000 0.3914
1.3287 0.7000 0.3914
1.3287 0.7000 0.3914
1.3287 0.7000 0.3914
1.3287 0.7000 0.3914
1.3287 0.7000 0.3914
1.3287 0.7000 0.3914
1.3287 0.7000 0.3914
1.3287 0.7000 0.3914
1.3287 0.7000 0.3914
1.3287 0.7000 0.3914
1.3287 0.7000 0.3914
1.3287 0.7000 0.3914
1.3287 0.7000 0.3914
1.3287 0.7000 0.3914
1.3287 0.7000 0.3914
1.3287 0.7000 0.3914
1.3287 0.7000 0.3914
1.3287 0.7000 0.3914
1.3287 0.7000 0.3914
1.3287 0.7000 0.3914
1.3287 0.7000 0.3914
1.3287 0.7000 0.3914
1.3287 0.7000 0.3914
1.3287 0.7000 0.3914
1.3287 0.7000 0.3914
1.3287 0.7000 0.3914
1.3287 0.7000 0.3914
1.3287 0.7000 0.3914
1.3287 0.7000 0.3914
1.3287 0.7000 0.3914
1.3287 0.7000 0.3914
1.3287 0.7000 0.3914
1.3287 0.7000 0.3914
1.3287 0.7000 0.3914
1.3287 0.7000 0.3914
1.3287 0.7000 0.3914
1.3287 0.7000 0.3914
1.3287 0.7000 0.3914
1.3287 0.7000 0.3914
1.3287 0.7000 0.3914
1.3287 0.7000 0.3914
1.3287 0.7000 0.3914
1.3287 0.7000 0.3914
1.3287 0.7000 0.3914
1.3287 0.7000 0.3914
1.3287 0.7000 0.3914
1.3287 0.7000 0.3914
1.3287 0.7000 0.3914
1.3287 0.7000 0.3914
1.3287 0.7000 0.3914
1.3287 0.7000 0.3914
1.3287 0.7000 0.3914
1.3287 0.7000 0.3914
1.3287 0.7000 0.3914
1.3287 0.7000 0.3914
1.3287 0.7000 0.3914
1.3287 0.7000 0.3914
1.3287 0.7000 0.3914
1.3287 0.7000 0.3914
1.3287 0.7000 0.3914
1.3287 0.7000 0.3914
1.3287 0.7000 0.3914
1.3287 0.7000 0.3914
1.3287 0.7000 0.3914
1.3287 0.7000 0.3914
1.3287 0.7000 0.3914
1.3287 0.7000 0.3914
1.3287 0.7000 0.3914
1.3287 0.7000 0.3914
1.3287 0.7000 0.3914
1.3287 0.7000 0.3914
1.3287 0.7000 0.3914
1.3287 0.7000 0.3914
1.3287 0.7000 0.3914
1.3287 0.7000 0.3914
1.3287 0.7000 0.3914
1.3287 0.7000 0.3914
1.3287 0.7000 0.3914
1.3287 0.7000 0.3914
1.3287 0.7000 0.3914
1.3287 0.7000 0.3914
1.3287 0.7000 0.3914
1.3287 0.7000 0.3914
1.3287 0.7000 0.3914
1.3287 0.7000 0.3914
1.3287 0.7000 0.3914
1.3287 0.7000 0.3914
1.3287 0.7000 0.3914
1.3287 0.7000 0.3914
1.3287 0.7000 0.3914
1.3287 0.7000 0.3914
1.3287 0.7000 0.3914
1.3287 0.7000 0.3914
1.3287 0.7000 0.3914
1.3287 0.7000 0.3914
1.3287 0.7000 0.3914
1.3287 0.7000 0.3914
1.3287 0.7000 0.3914
1.3287 0.7000 0.3914
1.3287 0.7000 0.3914
1.3287 0.7000 0.3914
1.3287 0.7000 0.3914
1.3287 0.7000 0.3914
1.3287 0.7000 0.3914
1.3287 0.7000 0.3914
1.3287 0.7000 0.3914
1.3287 0.7000 0.3914
1.3287 0.7000 0.3914
1.3287 0.7000 0.3914
1.3287 0.7000 0.3914
1.3287 0.7000 0.3914
1.3287 0.7000 0.3914
1.3287 0.7000 0.3914
1.3287 0.7000 0.3914
1.3287 0.7000 0.3914
1.3287 0.7000 0.3914
1.3287 0.7000 0.3914
1.3287 0.7000 0.3914
1.3287 0.7000 0.3914
1.3287 0.7000 0.3914
1.3287 0.7000 0.3914
1.3287 0.7000 0.3914
1.3287 0.7000 0.3914
1.3287 0.7000 0.3914
1.3287 0.7000 0.3914
1.3287 0.7000 0.3914
1.3287 0.7000 0.3914
1.3287 0.7000 0.3914
1.3287 0.7000 0.3914
1.3287 0.7000 0.3914
1.3287 0.7000 0.3914
1.3287 0.7000 0.3914
1.3287 0.7000 0.3914
1.3287 0.7000 0.3914
1.3287 0.7000 0.3914
1.3287 0.7000 0.3914
1.3287 0.7000 0.3914
1.3287 0.7000 0.3914
1.3287 0.7000 0.3914
1.3287 0.7000 0.3914
1.3287 0.7000 0.3914
1.3287 0.7000 0.3914
1.3287 0.7000 0.3914
1.3287 0.7000 0.3914
1.3287 0.7000 0.3914
1.3287 0.7000 0.3914
1.3287 0.7000 0.3914
1.3287 0.7000 0.3914
1.3287 0.7000 0.3914
1.3287 0.7000 0.3914
1.3287 0.7000 0.3914
1.3287 0.7000 0.3914
1.3287 0.7000 0.3914
1.3287 0.7000 0.3914
1.3287 0.7000 0.3914
1.3287 0.7000 0.3914
1.3287 0.7000 0.3914
1.3287 0.7000 0.3914
1.3287 0.7000 0.3914
1.3287 0.7000 0.3914
1.3287 0.7000 0.3914
1.3287 0.7000 0.3914
1.3287 0.7000 0.3914
1.3287 0.7000 0.3914
1.3287 0.7000 0.3914
1.3287 0.7000 0.3914
1.3287 0.7000 0.3914
1.3287 0.7000 0.3914
1.3287 0.7000 0.3914
1.3287 0.7000 0.3914
1.3287 0.7000 0.3914
1.3287 0.7000 0.3914
1.3287 0.7000 0.3914
1.3287 0.7000 0.3914
1.3287 0.7000 0.3914
1.3287 0.7000 0.3914
1.3287 0.7000 0.3914
1.3287 0.7000 0.3914
1.3287 0.7000 0.3914
1.3287 0.7000 0.3914
1.3287 0.7000 0.3914
1.3287 0.7000 0.3914
1.3287 0.7000 0.3914
1.3287 0.7000 0.3914
1.3287 0.7000 0.3914
1.3287 0.7000 0.3914
1.3287 0.7000 0.3914
1.3287 0.7000 0.3914
1.3287 0.7000 0.3914
1.3287 0.7000 0.3914
1.3287 0.7000 0.3914
1.3287 0.7000 0.3914
1.3287 0.7000 0.3914
1.3287 0.7000 0.3914
1.3287 0.7000 0.3914
1.3287 0.7000 0.3914
1.3287 0.7000 0.3914
1.3287 0.7000 0.3914
1.3287 0.7000 0.3914
1.3287 0.7000 0.3914
1.3287 0.7000 0.3914
1.3287 0.7000 0.3914
1.3287 0.7000 0.3914
1.3287 0.7000 0.3914
1.3287 0.7000 0.3914
1.3287 0.7000 0.3914
1.3287 0.7000 0.3914
1.3287 0.7000 0.3914
1.3287 0.7000 0.3914
1.3287 0.7000 0.3914
1.3287 0.7000 0.3914
1.3287 0.7000 0.3914
1.3287 0.7000 0.3914
1.3287 0.7000 0.3914
1.3287 0.7000 0.3914
1.3287 0.7000 0.3914
1.3287 0.7000 0.3914
1.3287 0.7000 0.3914
1.3287 0.7000 0.3914
1.3287 0.7000 0.3914
1.3287 0.7000 0.3914
1.3287 0.7000 0.3914
1.3287 0.7000 0.3914
1.3287 0.7000 0.3914
1.3287 0.7000 0.3914
1.3287 0.7000 0.3914
1.3287 0.7000 0.3914
1.3287 0.7000 0.3914
1.3287 0.7000 0.3914
1.3287 0.7000 0.3914
1.3287 0.7000 0.3914
1.3287 0.7000 0.3914
1.3287 0.7000 0.3914
1.3287 0.7000 0.3914
1.3287 0.7000 0.3914
1.3287 0.7000 0.3914
1.3287 0.7000 0.3914
1.3287 0.7000 0.3914
1.3287 0.7000 0.3914
1.3287 0.7000 0.3914
1.3287 0.7000 0.3914
1.3287 0.7000 0.3914
1.3287 0.7000 0.3914
1.3287 0.7000 0.3914
1.3287 0.7000 0.3914
1.3287 0.7000 0.3914
1.3287 0.7000 0.3914
1.3287 0.7000 0.3914
1.3287 0.7000 0.3914
1.3287 0.7000 0.3914
1.3287 0.7000 0.3914
1.3287 0.7000 0.3914
1.3287 0.7000 0.3914
1.3287 0.7000 0.3914
1.3287 0.7000 0.3914
1.3287 0.7000 0.3914
1.3287 0.7000 0.3914
1.3287 0.7000 0.3914
1.3287 0.7000 0.3914
1.3287 0.7000 0.3914
1.3287 0.7000 0.3914
1.3287 0.7000 0.3914
1.3287 0.7000 0.3914
1.3287 0.7000 0.3914
1.3287 0.7000 0.3914
1.3287 0.7000 0.3914
1.3287 0.7000 0.3914
1.3287 0.7000 0.3914
1.3287 0.7000 0.3914
1.3287 0.7000 0.3914
1.3287 0.7000 0.3914
1.3287 0.7000 0.3914
1.3287 0.7000 0.3914
1.3287 0.7000 0.3914
1.3287 0.7000 0.3914
1.3287 0.7000 0.3914
1.3287 0.7000 0.3914
1.3287 0.7000 0.3914
1.3287 0.7000 0.3914
1.3287 0.7000 0.3914
1.3287 0.7000 0.3914
1.3287 0.7000 0.3914
1.3287 0.7000 0.3914
1.3287 0.7000 0.3914
1.3287 0.7000 0.3914
1.3287 0.7000 0.3914
1.3287 0.7000 0.3914
1.3287 0.7000 0.3914
1.3287 0.7000 0.3914
1.3287 0.7000 0.3914
1.3287 0.7000 0.3914
1.3287 0.7000 0.3914
1.3287 0.7000 0.3914
1.3287 0.7000 0.3914
1.3287 0.7000 0.3914
1.3287 0.7000 0.3914
1.3287 0.7000 0.3914
1.3287 0.7000 0.3914
1.3287 0.7000 0.3914
1.3287 0.7000 0.3914
1.3287 0.7000 0.3914
1.3287 0.7000 0.3914
1.3287 0.7000 0.3914
1.3287 0.7000 0.3914
1.3287 0.7000 0.3914
1.3287 0.7000 0.3914