1505
1.1482 0.5325 0.4921
1.1482 0.5325 0.4921
1.1482 0.5325 0.4921
1.1482 0.5325 0.4921
1.1482 0.5325 0.4921
1.1482 0.5325 0.4921
1.1482 0.5325 0.4921
1.1566 0.5700 0.5294
1.1566 0.5700 0.5294
1.1566 0.5700 0.5294
1.1566 0.5700 0.5294
1.1616 0.5250 0.4652
1.1688 0.5500 0.4881
1.1688 0.5500 0.4881
1.1728 0.5800 0.5213
1.1850 0.5650 0.4866
1.1850 0.5650 0.4866
1.1850 0.5650 0.4866
1.1850 0.5650 0.4866
1.1850 0.5650 0.4866
1.1850 0.5650 0.4866
1.1850 0.5650 0.4866
1.2012 0.6000 0.5105
1.2012 0.6000 0.5105
1.2012 0.6000 0.5105
1.2012 0.6000 0.5105
1.2012 0.6000 0.5105
1.2012 0.6000 0.5105
1.2012 0.6000 0.5105
1.2012 0.6000 0.5105
1.2068 0.6050 0.5098
1.2068 0.6050 0.5098
1.2068 0.6050 0.5098
1.2068 0.6050 0.5098
1.2068 0.6050 0.5098
1.2068 0.6050 0.5098
1.2068 0.6050 0.5098
1.2110 0.5950 0.4916
1.2110 0.5950 0.4916
1.2163 0.5975 0.4881
1.2163 0.5975 0.4881
1.2163 0.5975 0.4881
1.2206 0.5925 0.4762
1.2206 0.5925 0.4762
1.2206 0.5925 0.4762
1.2206 0.5925 0.4762
1.2240 0.6025 0.4846
1.2256 0.6025 0.4825
1.2290 0.5975 0.4718
1.2290 0.5975 0.4718
1.2290 0.5975 0.4718
1.2290 0.5975 0.4718
1.2290 0.5975 0.4718
1.2296 0.5950 0.4678
1.2296 0.5950 0.4678
1.2296 0.5950 0.4678
1.2300 0.6025 0.4770
1.2313 0.6025 0.4752
1.2313 0.6025 0.4752
1.2313 0.6025 0.4752
1.2313 0.6025 0.4752
1.2346 0.6000 0.4679
1.2392 0.6000 0.4620
1.2392 0.6000 0.4620
1.2417 0.5975 0.4556
1.2417 0.5975 0.4556
1.2417 0.5975 0.4556
1.2417 0.5975 0.4556
1.2417 0.5975 0.4556
1.2456 0.6075 0.4633
1.2456 0.6075 0.4633
1.2456 0.6075 0.4633
1.2456 0.6075 0.4633
1.2459 0.6000 0.4534
1.2459 0.6000 0.4534
1.2500 0.6075 0.4578
1.2500 0.6075 0.4578
1.2500 0.6075 0.4578
1.2500 0.6075 0.4578
1.2500 0.6075 0.4578
1.2509 0.6125 0.4630
1.2515 0.6075 0.4557
1.2546 0.6000 0.4422
1.2546 0.6000 0.4422
1.2546 0.6000 0.4422
1.2546 0.6000 0.4422
1.2546 0.6000 0.4422
1.2577 0.6075 0.4479
1.2577 0.6075 0.4479
1.2577 0.6075 0.4479
1.2577 0.6075 0.4479
1.2621 0.6125 0.4486
1.2621 0.6125 0.4486
1.2621 0.6125 0.4486
1.2621 0.6125 0.4486
1.2631 0.5950 0.4249
1.2631 0.5950 0.4249
1.2631 0.5950 0.4249
1.2631 0.5950 0.4249
1.2631 0.5950 0.4249
1.2631 0.5950 0.4249
1.2631 0.5950 0.4249
1.2631 0.5950 0.4249
1.2684 0.6100 0.4374
1.2684 0.6100 0.4374
1.2684 0.6100 0.4374
1.2684 0.6100 0.4374
1.2684 0.6100 0.4374
1.2684 0.6100 0.4374
1.2687 0.5950 0.4178
1.2687 0.5950 0.4178
1.2687 0.5950 0.4178
1.2687 0.5950 0.4178
1.2713 0.6150 0.4401
1.2713 0.6150 0.4401
1.2713 0.6150 0.4401
1.2713 0.6150 0.4401
1.2713 0.6150 0.4401
1.2713 0.6150 0.4401
1.2713 0.6150 0.4401
1.2713 0.6150 0.4401
1.2713 0.6150 0.4401
1.2713 0.6150 0.4401
1.2713 0.6150 0.4401
1.2713 0.6150 0.4401
1.2714 0.6175 0.4431
1.2720 0.6150 0.4391
1.2720 0.6150 0.4391
1.2720 0.6150 0.4391
1.2720 0.6150 0.4391
1.2720 0.6150 0.4391
1.2720 0.6150 0.4391
1.2720 0.6150 0.4391
1.2720 0.6150 0.4391
1.2720 0.6150 0.4391
1.2720 0.6150 0.4391
1.2728 0.6175 0.4414
1.2728 0.6175 0.4414
1.2728 0.6175 0.4414
1.2728 0.6175 0.4414
1.2728 0.6175 0.4414
1.2728 0.6175 0.4414
1.2728 0.6175 0.4414
1.2728 0.6175 0.4414
1.2728 0.6175 0.4414
1.2728 0.6175 0.4414
1.2728 0.6175 0.4414
1.2728 0.6175 0.4414
1.2728 0.6175 0.4414
1.2728 0.6175 0.4414
1.2728 0.6175 0.4414
1.2728 0.6175 0.4414
1.2728 0.6175 0.4414
1.2728 0.6175 0.4414
1.2754 0.6225 0.4444
1.2754 0.6225 0.4444
1.2754 0.6225 0.4444
1.2754 0.6225 0.4444
1.2754 0.6225 0.4444
1.2754 0.6225 0.4444
1.2754 0.6225 0.4444
1.2754 0.6225 0.4444
1.2754 0.6225 0.4444
1.2754 0.6225 0.4444
1.2761 0.6175 0.4371
1.2761 0.6175 0.4371
1.2761 0.6175 0.4371
1.2761 0.6175 0.4371
1.2761 0.6175 0.4371
1.2761 0.6175 0.4371
1.2761 0.6175 0.4371
1.2761 0.6175 0.4371
1.2761 0.6175 0.4371
1.2761 0.6175 0.4371
1.2761 0.6175 0.4371
1.2761 0.6175 0.4371
1.2775 0.6225 0.4417
1.2775 0.6225 0.4417
1.2775 0.6225 0.4417
1.2775 0.6225 0.4417
1.2775 0.6225 0.4417
1.2775 0.6225 0.4417
1.2775 0.6225 0.4417
1.2775 0.6225 0.4417
1.2789 0.6225 0.4400
1.2789 0.6225 0.4400
1.2789 0.6225 0.4400
1.2789 0.6225 0.4400
1.2789 0.6225 0.4400
1.2789 0.6225 0.4400
1.2789 0.6225 0.4400
1.2789 0.6225 0.4400
1.2789 0.6225 0.4400
1.2789 0.6225 0.4400
1.2789 0.6225 0.4400
1.2789 0.6225 0.4400
1.2789 0.6225 0.4400
1.2789 0.6225 0.4400
1.2789 0.6225 0.4400
1.2886 0.6225 0.4275
1.2886 0.6225 0.4275
1.2886 0.6225 0.4275
1.2886 0.6225 0.4275
1.2886 0.6225 0.4275
1.2886 0.6225 0.4275
1.2886 0.6225 0.4275
1.2886 0.6225 0.4275
1.2886 0.6225 0.4275
1.2886 0.6225 0.4275
1.2886 0.6225 0.4275
1.2886 0.6225 0.4275
1.2886 0.6225 0.4275
1.2893 0.6225 0.4266
1.2893 0.6225 0.4266
1.2893 0.6225 0.4266
1.2893 0.6225 0.4266
1.2893 0.6225 0.4266
1.2901 0.6225 0.4256
1.2901 0.6225 0.4256
1.2901 0.6225 0.4256
1.2901 0.6225 0.4256
1.2901 0.6225 0.4256
1.2901 0.6225 0.4256
1.2901 0.6225 0.4256
1.2907 0.6225 0.4249
1.2907 0.6225 0.4249
1.2907 0.6225 0.4249
1.2907 0.6225 0.4249
1.2907 0.6225 0.4249
1.2907 0.6225 0.4249
1.2918 0.6225 0.4234
1.2918 0.6225 0.4234
1.2918 0.6225 0.4234
1.2918 0.6225 0.4234
1.2918 0.6225 0.4234
1.2918 0.6225 0.4234
1.2918 0.6225 0.4234
1.2918 0.6225 0.4234
1.2918 0.6225 0.4234
1.2918 0.6225 0.4234
1.2918 0.6225 0.4234
1.2932 0.6225 0.4216
1.2966 0.6225 0.4173
1.2966 0.6225 0.4173
1.2966 0.6225 0.4173
1.2966 0.6225 0.4173
1.2966 0.6225 0.4173
1.2966 0.6225 0.4173
1.2966 0.6225 0.4173
1.2966 0.6225 0.4173
1.2966 0.6225 0.4173
1.2966 0.6225 0.4173
1.2966 0.6225 0.4173
1.2978 0.6225 0.4157
1.2978 0.6225 0.4157
1.2978 0.6225 0.4157
1.2978 0.6225 0.4157
1.2978 0.6225 0.4157
1.2978 0.6225 0.4157
1.2978 0.6225 0.4157
1.2978 0.6225 0.4157
1.2978 0.6225 0.4157
1.2978 0.6225 0.4157
1.2978 0.6225 0.4157
1.2978 0.6225 0.4157
1.2978 0.6225 0.4157
1.2978 0.6225 0.4157
1.2978 0.6225 0.4157
1.2978 0.6225 0.4157
1.2978 0.6225 0.4157
1.2978 0.6225 0.4157
1.2978 0.6225 0.4157
1.2978 0.6225 0.4157
1.2978 0.6225 0.4157
1.2978 0.6225 0.4157
1.2978 0.6225 0.4157
1.2978 0.6225 0.4157
1.2978 0.6225 0.4157
1.2978 0.6225 0.4157
1.2978 0.6225 0.4157
1.2978 0.6225 0.4157
1.2978 0.6225 0.4157
1.2978 0.6225 0.4157
1.2978 0.6225 0.4157
1.2978 0.6225 0.4157
1.2978 0.6225 0.4157
1.2978 0.6225 0.4157
1.2978 0.6225 0.4157
1.2978 0.6225 0.4157
1.2978 0.6225 0.4157
1.2978 0.6225 0.4157
1.2978 0.6225 0.4157
1.2978 0.6225 0.4157
1.2978 0.6225 0.4157
1.2978 0.6225 0.4157
1.2978 0.6225 0.4157
1.2978 0.6225 0.4157
1.2978 0.6225 0.4157
1.2978 0.6225 0.4157
1.2978 0.6225 0.4157
1.2978 0.6225 0.4157
1.2978 0.6225 0.4157
1.2978 0.6225 0.4157
1.2978 0.6225 0.4157
1.2978 0.6225 0.4157
1.2978 0.6225 0.4157
1.2978 0.6225 0.4157
1.2978 0.6225 0.4157
1.2978 0.6225 0.4157
1.2978 0.6225 0.4157
1.2978 0.6225 0.4157
1.2978 0.6225 0.4157
1.2978 0.6225 0.4157
1.2978 0.6225 0.4157
1.2978 0.6225 0.4157
1.2978 0.6225 0.4157
1.2978 0.6225 0.4157
1.2978 0.6225 0.4157
1.2978 0.6225 0.4157
1.2992 0.6225 0.4139
1.2992 0.6225 0.4139
1.2992 0.6225 0.4139
1.2992 0.6225 0.4139
1.2992 0.6225 0.4139
1.2992 0.6225 0.4139
1.2992 0.6225 0.4139
1.2992 0.6225 0.4139
1.2992 0.6225 0.4139
1.2992 0.6225 0.4139
1.2992 0.6225 0.4139
1.2992 0.6225 0.4139
1.2992 0.6225 0.4139
1.2992 0.6225 0.4139
1.2992 0.6225 0.4139
1.2992 0.6225 0.4139
1.2992 0.6225 0.4139
1.2992 0.6225 0.4139
1.2992 0.6225 0.4139
1.2992 0.6225 0.4139
1.2992 0.6225 0.4139
1.2992 0.6225 0.4139
1.2992 0.6225 0.4139
1.2992 0.6225 0.4139
1.2992 0.6225 0.4139
1.2992 0.6225 0.4139
1.2992 0.6225 0.4139
1.2992 0.6225 0.4139
1.2992 0.6225 0.4139
1.2992 0.6225 0.4139
1.2992 0.6225 0.4139
1.2992 0.6225 0.4139
1.2992 0.6225 0.4139
1.2992 0.6225 0.4139
1.2992 0.6225 0.4139
1.2992 0.6225 0.4139
1.2992 0.6225 0.4139
1.2992 0.6225 0.4139
1.2992 0.6225 0.4139
1.2992 0.6225 0.4139
1.2992 0.6225 0.4139
1.2992 0.6225 0.4139
1.2992 0.6225 0.4139
1.2992 0.6225 0.4139
1.2992 0.6225 0.4139
1.2992 0.6225 0.4139
1.2992 0.6225 0.4139
1.2992 0.6225 0.4139
1.2992 0.6225 0.4139
1.2992 0.6225 0.4139
1.2992 0.6225 0.4139
1.2992 0.6225 0.4139
1.2992 0.6225 0.4139
1.2992 0.6225 0.4139
1.2992 0.6225 0.4139
1.2992 0.6225 0.4139
1.2992 0.6225 0.4139
1.2992 0.6225 0.4139
1.2992 0.6225 0.4139
1.2992 0.6225 0.4139
1.2992 0.6225 0.4139
1.2992 0.6225 0.4139
1.2992 0.6225 0.4139
1.2992 0.6225 0.4139
1.2992 0.6225 0.4139
1.2992 0.6225 0.4139
1.2992 0.6225 0.4139
1.2992 0.6225 0.4139
1.2992 0.6225 0.4139
1.2992 0.6225 0.4139
1.2992 0.6225 0.4139
1.2992 0.6225 0.4139
1.2992 0.6225 0.4139
1.2992 0.6225 0.4139
1.2992 0.6225 0.4139
1.2992 0.6225 0.4139
1.2992 0.6225 0.4139
1.2992 0.6225 0.4139
1.2992 0.6225 0.4139
1.2992 0.6225 0.4139
1.2992 0.6225 0.4139
1.2992 0.6225 0.4139
1.2992 0.6225 0.4139
1.2992 0.6225 0.4139
1.2992 0.6225 0.4139
1.2992 0.6225 0.4139
1.2992 0.6225 0.4139
1.2992 0.6225 0.4139
1.2992 0.6225 0.4139
1.2992 0.6225 0.4139
1.2992 0.6225 0.4139
1.2992 0.6225 0.4139
1.2992 0.6225 0.4139
1.2992 0.6225 0.4139
1.2992 0.6225 0.4139
1.2992 0.6225 0.4139
1.2992 0.6225 0.4139
1.3041 0.6225 0.4076
1.3041 0.6225 0.4076
1.3041 0.6225 0.4076
1.3041 0.6225 0.4076
1.3041 0.6225 0.4076
1.3041 0.6225 0.4076
1.3041 0.6225 0.4076
1.3041 0.6225 0.4076
1.3041 0.6225 0.4076
1.3041 0.6225 0.4076
1.3041 0.6225 0.4076
1.3041 0.6225 0.4076
1.3041 0.6225 0.4076
1.3041 0.6225 0.4076
1.3041 0.6225 0.4076
1.3041 0.6225 0.4076
1.3041 0.6225 0.4076
1.3041 0.6225 0.4076
1.3041 0.6225 0.4076
1.3041 0.6225 0.4076
1.3041 0.6225 0.4076
1.3041 0.6225 0.4076
1.3041 0.6225 0.4076
1.3041 0.6225 0.4076
1.3041 0.6225 0.4076
1.3041 0.6225 0.4076
1.3041 0.6225 0.4076
1.3041 0.6225 0.4076
1.3041 0.6225 0.4076
1.3041 0.6225 0.4076
1.3041 0.6225 0.4076
1.3041 0.6225 0.4076
1.3041 0.6225 0.4076
1.3041 0.6225 0.4076
1.3041 0.6225 0.4076
1.3041 0.6225 0.4076
1.3041 0.6225 0.4076
1.3041 0.6225 0.4076
1.3041 0.6225 0.4076
1.3041 0.6225 0.4076
1.3041 0.6225 0.4076
1.3041 0.6225 0.4076
1.3041 0.6225 0.4076
1.3041 0.6225 0.4076
1.3041 0.6225 0.4076
1.3041 0.6225 0.4076
1.3041 0.6225 0.4076
1.3041 0.6225 0.4076
1.3041 0.6225 0.4076
1.3041 0.6225 0.4076
1.3041 0.6225 0.4076
1.3041 0.6225 0.4076
1.3041 0.6225 0.4076
1.3041 0.6225 0.4076
1.3041 0.6225 0.4076
1.3041 0.6225 0.4076
1.3041 0.6225 0.4076
1.3041 0.6225 0.4076
1.3041 0.6225 0.4076
1.3041 0.6225 0.4076
1.3041 0.6225 0.4076
1.3041 0.6225 0.4076
1.3041 0.6225 0.4076
1.3041 0.6225 0.4076
1.3041 0.6225 0.4076
1.3041 0.6225 0.4076
1.3041 0.6225 0.4076
1.3041 0.6225 0.4076
1.3041 0.6225 0.4076
1.3041 0.6225 0.4076
1.3041 0.6225 0.4076
1.3041 0.6225 0.4076
1.3041 0.6225 0.4076
1.3041 0.6225 0.4076
1.3041 0.6225 0.4076
1.3041 0.6225 0.4076
1.3041 0.6225 0.4076
1.3041 0.6225 0.4076
1.3041 0.6225 0.4076
1.3041 0.6225 0.4076
1.3041 0.6225 0.4076
1.3041 0.6225 0.4076
1.3041 0.6225 0.4076
1.3041 0.6225 0.4076
1.3041 0.6225 0.4076
1.3041 0.6225 0.4076
1.3041 0.6225 0.4076
1.3041 0.6225 0.4076
1.3041 0.6225 0.4076
1.3041 0.6225 0.4076
1.3041 0.6225 0.4076
1.3041 0.6225 0.4076
1.3041 0.6225 0.4076
1.3041 0.6225 0.4076
1.3041 0.6225 0.4076
1.3041 0.6225 0.4076
1.3041 0.6225 0.4076
1.3041 0.6225 0.4076
1.3041 0.6225 0.4076
1.3041 0.6225 0.4076
1.3041 0.6225 0.4076
1.3041 0.6225 0.4076
1.3041 0.6225 0.4076
1.3041 0.6225 0.4076
1.3041 0.6225 0.4076
1.3041 0.6225 0.4076
1.3041 0.6225 0.4076
1.3041 0.6225 0.4076
1.3041 0.6225 0.4076
1.3041 0.6225 0.4076
1.3041 0.6225 0.4076
1.3041 0.6225 0.4076
1.3041 0.6225 0.4076
1.3041 0.6225 0.4076
1.3041 0.6225 0.4076
1.3041 0.6225 0.4076
1.3041 0.6225 0.4076
1.3041 0.6225 0.4076
1.3041 0.6225 0.4076
1.3041 0.6225 0.4076
1.3041 0.6225 0.4076
1.3041 0.6225 0.4076
1.3041 0.6225 0.4076
1.3041 0.6225 0.4076
1.3041 0.6225 0.4076
1.3041 0.6225 0.4076
1.3041 0.6225 0.4076
1.3041 0.6225 0.4076
1.3041 0.6225 0.4076
1.3041 0.6225 0.4076
1.3041 0.6225 0.4076
1.3041 0.6225 0.4076
1.3041 0.6225 0.4076
1.3041 0.6225 0.4076
1.3041 0.6225 0.4076
1.3041 0.6225 0.4076
1.3041 0.6225 0.4076
1.3041 0.6225 0.4076
1.3041 0.6225 0.4076
1.3041 0.6225 0.4076
1.3041 0.6225 0.4076
1.3041 0.6225 0.4076
1.3041 0.6225 0.4076
1.3041 0.6225 0.4076
1.3041 0.6225 0.4076
1.3041 0.6225 0.4076
1.3041 0.6225 0.4076
1.3041 0.6225 0.4076
1.3041 0.6225 0.4076
1.3041 0.6225 0.4076
1.3041 0.6225 0.4076
1.3041 0.6225 0.4076
1.3041 0.6225 0.4076
1.3041 0.6225 0.4076
1.3041 0.6225 0.4076
1.3041 0.6225 0.4076
1.3041 0.6225 0.4076
1.3041 0.6225 0.4076
1.3041 0.6225 0.4076
1.3041 0.6225 0.4076
1.3041 0.6225 0.4076
1.3041 0.6225 0.4076
1.3041 0.6225 0.4076
1.3041 0.6225 0.4076
1.3041 0.6225 0.4076
1.3041 0.6225 0.4076
1.3041 0.6225 0.4076
1.3041 0.6225 0.4076
1.3041 0.6225 0.4076
1.3041 0.6225 0.4076
1.3041 0.6225 0.4076
1.3041 0.6225 0.4076
1.3041 0.6225 0.4076
1.3041 0.6225 0.4076
1.3041 0.6225 0.4076
1.3041 0.6225 0.4076
1.3041 0.6225 0.4076
1.3041 0.6225 0.4076
1.3041 0.6225 0.4076
1.3041 0.6225 0.4076
1.3041 0.6225 0.4076
1.3041 0.6225 0.4076
1.3041 0.6225 0.4076
1.3041 0.6225 0.4076
1.3041 0.6225 0.4076
1.3041 0.6225 0.4076
1.3041 0.6225 0.4076
1.3041 0.6225 0.4076
1.3041 0.6225 0.4076
1.3041 0.6225 0.4076
1.3041 0.6225 0.4076
1.3041 0.6225 0.4076
1.3041 0.6225 0.4076
1.3041 0.6225 0.4076
1.3041 0.6225 0.4076
1.3041 0.6225 0.4076
1.3041 0.6225 0.4076
1.3041 0.6225 0.4076
1.3041 0.6225 0.4076
1.3041 0.6225 0.4076
1.3041 0.6225 0.4076
1.3041 0.6225 0.4076
1.3041 0.6225 0.4076
1.3041 0.6225 0.4076
1.3041 0.6225 0.4076
1.3041 0.6225 0.4076
1.3041 0.6225 0.4076
1.3041 0.6225 0.4076
1.3041 0.6225 0.4076
1.3041 0.6225 0.4076
1.3041 0.6225 0.4076
1.3041 0.6225 0.4076
1.3041 0.6225 0.4076
1.3041 0.6225 0.4076
1.3041 0.6225 0.4076
1.3041 0.6225 0.4076
1.3041 0.6225 0.4076
1.3041 0.6225 0.4076
1.3041 0.6225 0.4076
1.3041 0.6225 0.4076
1.3041 0.6225 0.4076
1.3041 0.6225 0.4076
1.3041 0.6225 0.4076
1.3041 0.6225 0.4076
1.3041 0.6225 0.4076
1.3041 0.6225 0.4076
1.3041 0.6225 0.4076
1.3041 0.6225 0.4076
1.3041 0.6225 0.4076
1.3041 0.6225 0.4076
1.3041 0.6225 0.4076
1.3041 0.6225 0.4076
1.3041 0.6225 0.4076
1.3041 0.6225 0.4076
1.3041 0.6225 0.4076
1.3041 0.6225 0.4076
1.3041 0.6225 0.4076
1.3041 0.6225 0.4076
1.3041 0.6225 0.4076
1.3041 0.6225 0.4076
1.3041 0.6225 0.4076
1.3041 0.6225 0.4076
1.3041 0.6225 0.4076
1.3041 0.6225 0.4076
1.3041 0.6225 0.4076
1.3041 0.6225 0.4076
1.3041 0.6225 0.4076
1.3041 0.6225 0.4076
1.3041 0.6225 0.4076
1.3041 0.6225 0.4076
1.3041 0.6225 0.4076
1.3041 0.6225 0.4076
1.3041 0.6225 0.4076
1.3041 0.6225 0.4076
1.3041 0.6225 0.4076
1.3041 0.6225 0.4076
1.3041 0.6225 0.4076
1.3041 0.6225 0.4076
1.3041 0.6225 0.4076
1.3041 0.6225 0.4076
1.3041 0.6225 0.4076
1.3041 0.6225 0.4076
1.3041 0.6225 0.4076
1.3041 0.6225 0.4076
1.3041 0.6225 0.4076
1.3041 0.6225 0.4076
1.3041 0.6225 0.4076
1.3041 0.6225 0.4076
1.3041 0.6225 0.4076
1.3041 0.6225 0.4076
1.3041 0.6225 0.4076
1.3041 0.6225 0.4076
1.3041 0.6225 0.4076
1.3041 0.6225 0.4076
1.3041 0.6225 0.4076
1.3041 0.6225 0.4076
1.3041 0.6225 0.4076
1.3041 0.6225 0.4076
1.3041 0.6225 0.4076
1.3041 0.6225 0.4076
1.3041 0.6225 0.4076
1.3041 0.6225 0.4076
1.3041 0.6225 0.4076
1.3041 0.6225 0.4076
1.3041 0.6225 0.4076
1.3041 0.6225 0.4076
1.3041 0.6225 0.4076
1.3041 0.6225 0.4076
1.3041 0.6225 0.4076
1.3051 0.6225 0.4064
1.3051 0.6225 0.4064
1.3051 0.6225 0.4064
1.3051 0.6225 0.4064
1.3051 0.6225 0.4064
1.3051 0.6225 0.4064
1.3051 0.6225 0.4064
1.3051 0.6225 0.4064
1.3051 0.6225 0.4064
1.3051 0.6225 0.4064
1.3051 0.6225 0.4064
1.3051 0.6225 0.4064
1.3051 0.6225 0.4064
1.3051 0.6225 0.4064
1.3051 0.6225 0.4064
1.3051 0.6225 0.4064
1.3051 0.6225 0.4064
1.3051 0.6225 0.4064
1.3051 0.6225 0.4064
1.3051 0.6225 0.4064
1.3051 0.6225 0.4064
1.3051 0.6225 0.4064
1.3051 0.6225 0.4064
1.3051 0.6225 0.4064
1.3051 0.6225 0.4064
1.3051 0.6225 0.4064
1.3051 0.6225 0.4064
1.3051 0.6225 0.4064
1.3051 0.6225 0.4064
1.3051 0.6225 0.4064
1.3051 0.6225 0.4064
1.3051 0.6225 0.4064
1.3051 0.6225 0.4064
1.3051 0.6225 0.4064
1.3051 0.6225 0.4064
1.3051 0.6225 0.4064
1.3051 0.6225 0.4064
1.3051 0.6225 0.4064
1.3051 0.6225 0.4064
1.3051 0.6225 0.4064
1.3051 0.6225 0.4064
1.3051 0.6225 0.4064
1.3051 0.6225 0.4064
1.3051 0.6225 0.4064
1.3051 0.6225 0.4064
1.3051 0.6225 0.4064
1.3051 0.6225 0.4064
1.3051 0.6225 0.4064
1.3051 0.6225 0.4064
1.3051 0.6225 0.4064
1.3051 0.6225 0.4064
1.3051 0.6225 0.4064
1.3051 0.6225 0.4064
1.3051 0.6225 0.4064
1.3051 0.6225 0.4064
1.3051 0.6225 0.4064
1.3051 0.6225 0.4064
1.3051 0.6225 0.4064
1.3051 0.6225 0.4064
1.3051 0.6225 0.4064
1.3051 0.6225 0.4064
1.3051 0.6225 0.4064
1.3051 0.6225 0.4064
1.3051 0.6225 0.4064
1.3051 0.6225 0.4064
1.3051 0.6225 0.4064
1.3051 0.6225 0.4064
1.3051 0.6225 0.4064
1.3051 0.6225 0.4064
1.3051 0.6225 0.4064
1.3051 0.6225 0.4064
1.3051 0.6225 0.4064
1.3051 0.6225 0.4064
1.3051 0.6225 0.4064
1.3051 0.6225 0.4064
1.3051 0.6225 0.4064
1.3051 0.6225 0.4064
1.3051 0.6225 0.4064
1.3051 0.6225 0.4064
1.3051 0.6225 0.4064
1.3051 0.6225 0.4064
1.3051 0.6225 0.4064
1.3051 0.6225 0.4064
1.3051 0.6225 0.4064
1.3051 0.6225 0.4064
1.3051 0.6225 0.4064
1.3051 0.6225 0.4064
1.3051 0.6225 0.4064
1.3051 0.6225 0.4064
1.3051 0.6225 0.4064
1.3051 0.6225 0.4064
1.3051 0.6225 0.4064
1.3051 0.6225 0.4064
1.3051 0.6225 0.4064
1.3051 0.6225 0.4064
1.3051 0.6225 0.4064
1.3051 0.6225 0.4064
1.3051 0.6225 0.4064
1.3051 0.6225 0.4064
1.3051 0.6225 0.4064
1.3051 0.6225 0.4064
1.3051 0.6225 0.4064
1.3051 0.6225 0.4064
1.3051 0.6225 0.4064
1.3051 0.6225 0.4064
1.3051 0.6225 0.4064
1.3051 0.6225 0.4064
1.3051 0.6225 0.4064
1.3051 0.6225 0.4064
1.3051 0.6225 0.4064
1.3051 0.6225 0.4064
1.3051 0.6225 0.4064
1.3051 0.6225 0.4064
1.3051 0.6225 0.4064
1.3051 0.6225 0.4064
1.3051 0.6225 0.4064
1.3051 0.6225 0.4064
1.3051 0.6225 0.4064
1.3051 0.6225 0.4064
1.3051 0.6225 0.4064
1.3051 0.6225 0.4064
1.3051 0.6225 0.4064
1.3051 0.6225 0.4064
1.3051 0.6225 0.4064
1.3051 0.6225 0.4064
1.3051 0.6225 0.4064
1.3051 0.6225 0.4064
1.3051 0.6225 0.4064
1.3051 0.6225 0.4064
1.3051 0.6225 0.4064
1.3051 0.6225 0.4064
1.3051 0.6225 0.4064
1.3051 0.6225 0.4064
1.3051 0.6225 0.4064
1.3051 0.6225 0.4064
1.3051 0.6225 0.4064
1.3051 0.6225 0.4064
1.3051 0.6225 0.4064
1.3051 0.6225 0.4064
1.3051 0.6225 0.4064
1.3051 0.6225 0.4064
1.3051 0.6225 0.4064
1.3051 0.6225 0.4064
1.3051 0.6225 0.4064
1.3051 0.6225 0.4064
1.3051 0.6225 0.4064
1.3051 0.6225 0.4064
1.3051 0.6225 0.4064
1.3051 0.6225 0.4064
1.3051 0.6225 0.4064
1.3051 0.6225 0.4064
1.3051 0.6225 0.4064
1.3051 0.6225 0.4064
1.3051 0.6225 0.4064
1.3051 0.6225 0.4064
1.3051 0.6225 0.4064
1.3051 0.6225 0.4064
1.3051 0.6225 0.4064
1.3051 0.6225 0.4064
1.3051 0.6225 0.4064
1.3051 0.6225 0.4064
1.3051 0.6225 0.4064
1.3051 0.6225 0.4064
1.3051 0.6225 0.4064
1.3051 0.6225 0.4064
1.3051 0.6225 0.4064
1.3051 0.6225 0.4064
1.3051 0.6225 0.4064
1.3051 0.6225 0.4064
1.3051 0.6225 0.4064
1.3051 0.6225 0.4064
1.3051 0.6225 0.4064
1.3051 0.6225 0.4064
1.3051 0.6225 0.4064
1.3051 0.6225 0.4064
1.3051 0.6225 0.4064
1.3051 0.6225 0.4064
1.3051 0.6225 0.4064
1.3051 0.6225 0.4064
1.3051 0.6225 0.4064
1.3051 0.6225 0.4064
1.3051 0.6225 0.4064
1.3051 0.6225 0.4064
1.3051 0.6225 0.4064
1.3051 0.6225 0.4064
1.3051 0.6225 0.4064
1.3051 0.6225 0.4064
1.3051 0.6225 0.4064
1.3051 0.6225 0.4064
1.3051 0.6225 0.4064
1.3051 0.6225 0.4064
1.3051 0.6225 0.4064
1.3051 0.6225 0.4064
1.3051 0.6225 0.4064
1.3051 0.6225 0.4064
1.3051 0.6225 0.4064
1.3051 0.6225 0.4064
1.3051 0.6225 0.4064
1.3051 0.6225 0.4064
1.3051 0.6225 0.4064
1.3051 0.6225 0.4064
1.3051 0.6225 0.4064
1.3051 0.6225 0.4064
1.3051 0.6225 0.4064
1.3051 0.6225 0.4064
1.3051 0.6225 0.4064
1.3051 0.6225 0.4064
1.3051 0.6225 0.4064
1.3051 0.6225 0.4064
1.3051 0.6225 0.4064
1.3051 0.6225 0.4064
1.3051 0.6225 0.4064
1.3051 0.6225 0.4064
1.3051 0.6225 0.4064
1.3051 0.6225 0.4064
1.3051 0.6225 0.4064
1.3051 0.6225 0.4064
1.3051 0.6225 0.4064
1.3051 0.6225 0.4064
1.3051 0.6225 0.4064
1.3051 0.6225 0.4064
1.3051 0.6225 0.4064
1.3051 0.6225 0.4064
1.3051 0.6225 0.4064
1.3051 0.6225 0.4064
1.3051 0.6225 0.4064
1.3051 0.6225 0.4064
1.3051 0.6225 0.4064
1.3051 0.6225 0.4064
1.3051 0.6225 0.4064
1.3051 0.6225 0.4064
1.3051 0.6225 0.4064
1.3051 0.6225 0.4064
1.3051 0.6225 0.4064
1.3051 0.6225 0.4064
1.3051 0.6225 0.4064
1.3051 0.6225 0.4064
1.3051 0.6225 0.4064
1.3051 0.6225 0.4064
1.3051 0.6225 0.4064
1.3051 0.6225 0.4064
1.3051 0.6225 0.4064
1.3051 0.6225 0.4064
1.3051 0.6225 0.4064
1.3051 0.6225 0.4064
1.3051 0.6225 0.4064
1.3051 0.6225 0.4064
1.3051 0.6225 0.4064
1.3051 0.6225 0.4064
1.3051 0.6225 0.4064
1.3051 0.6225 0.4064
1.3051 0.6225 0.4064
1.3051 0.6225 0.4064
1.3051 0.6225 0.4064
1.3051 0.6225 0.4064
1.3051 0.6225 0.4064
1.3051 0.6225 0.4064
1.3051 0.6225 0.4064
1.3051 0.6225 0.4064
1.3051 0.6225 0.4064
1.3051 0.6225 0.4064
1.3051 0.6225 0.4064
1.3051 0.6225 0.4064
1.3051 0.6225 0.4064
1.3051 0.6225 0.4064
1.3051 0.6225 0.4064
1.3051 0.6225 0.4064
1.3051 0.6225 0.4064
1.3051 0.6225 0.4064
1.3051 0.6225 0.4064
1.3051 0.6225 0.4064
1.3051 0.6225 0.4064
1.3051 0.6225 0.4064
1.3051 0.6225 0.4064
1.3051 0.6225 0.4064
1.3051 0.6225 0.4064
1.3051 0.6225 0.4064
1.3051 0.6225 0.4064
1.3051 0.6225 0.4064
1.3051 0.6225 0.4064
1.3051 0.6225 0.4064
1.3051 0.6225 0.4064
1.3051 0.6225 0.4064
1.3051 0.6225 0.4064
1.3051 0.6225 0.4064
1.3051 0.6225 0.4064
1.3051 0.6225 0.4064
1.3051 0.6225 0.4064
1.3051 0.6225 0.4064
1.3051 0.6225 0.4064
1.3051 0.6225 0.4064
1.3051 0.6225 0.4064
1.3051 0.6225 0.4064
1.3051 0.6225 0.4064
1.3051 0.6225 0.4064
1.3051 0.6225 0.4064
1.3051 0.6225 0.4064
1.3051 0.6225 0.4064
1.3051 0.6225 0.4064
1.3051 0.6225 0.4064
1.3051 0.6225 0.4064
1.3051 0.6225 0.4064
1.3051 0.6225 0.4064
1.3051 0.6225 0.4064
1.3051 0.6225 0.4064
1.3051 0.6225 0.4064
1.3051 0.6225 0.4064
1.3051 0.6225 0.4064
1.3051 0.6225 0.4064
1.3051 0.6225 0.4064
1.3051 0.6225 0.4064
1.3051 0.6225 0.4064
1.3051 0.6225 0.4064
1.3051 0.6225 0.4064
1.3051 0.6225 0.4064
1.3051 0.6225 0.4064
1.3051 0.6225 0.4064
1.3051 0.6225 0.4064
1.3051 0.6225 0.4064
1.3051 0.6225 0.4064
1.3051 0.6225 0.4064
1.3051 0.6225 0.4064
1.3051 0.6225 0.4064
1.3051 0.6225 0.4064
1.3051 0.6225 0.4064
1.3051 0.6225 0.4064
1.3051 0.6225 0.4064
1.3051 0.6225 0.4064
1.3051 0.6225 0.4064
1.3051 0.6225 0.4064
1.3051 0.6225 0.4064
1.3051 0.6225 0.4064
1.3051 0.6225 0.4064
1.3051 0.6225 0.4064
1.3051 0.6225 0.4064
1.3051 0.6225 0.4064
1.3051 0.6225 0.4064
1.3051 0.6225 0.4064
1.3051 0.6225 0.4064
1.3051 0.6225 0.4064
1.3051 0.6225 0.4064
1.3051 0.6225 0.4064
1.3051 0.6225 0.4064
1.3051 0.6225 0.4064
1.3051 0.6225 0.4064
1.3051 0.6225 0.4064
1.3051 0.6225 0.4064
1.3051 0.6225 0.4064
1.3051 0.6225 0.4064
1.3051 0.6225 0.4064
1.3051 0.6225 0.4064
1.3051 0.6225 0.4064
1.3051 0.6225 0.4064
1.3051 0.6225 0.4064
1.3051 0.6225 0.4064
1.3051 0.6225 0.4064
1.3051 0.6225 0.4064
1.3051 0.6225 0.4064
1.3051 0.6225 0.4064
1.3051 0.6225 0.4064
1.3051 0.6225 0.4064
1.3051 0.6225 0.4064
1.3051 0.6225 0.4064
1.3051 0.6225 0.4064
1.3051 0.6225 0.4064
1.3051 0.6225 0.4064
1.3051 0.6225 0.4064
1.3051 0.6225 0.4064
1.3051 0.6225 0.4064
1.3051 0.6225 0.4064
1.3051 0.6225 0.4064
1.3051 0.6225 0.4064
1.3051 0.6225 0.4064
1.3051 0.6225 0.4064
1.3051 0.6225 0.4064
1.3051 0.6225 0.4064
1.3051 0.6225 0.4064
1.3051 0.6225 0.4064
1.3051 0.6225 0.4064
1.3051 0.6225 0.4064
1.3051 0.6225 0.4064
1.3051 0.6225 0.4064
1.3051 0.6225 0.4064
1.3051 0.6225 0.4064
1.3051 0.6225 0.4064
1.3051 0.6225 0.4064
1.3051 0.6225 0.4064
1.3051 0.6225 0.4064
1.3051 0.6225 0.4064
1.3051 0.6225 0.4064
1.3051 0.6225 0.4064
1.3051 0.6225 0.4064
1.3051 0.6225 0.4064
1.3051 0.6225 0.4064
1.3051 0.6225 0.4064
1.3051 0.6225 0.4064
1.3051 0.6225 0.4064
1.3051 0.6225 0.4064
1.3051 0.6225 0.4064
1.3051 0.6225 0.4064
1.3051 0.6225 0.4064
1.3051 0.6225 0.4064
1.3051 0.6225 0.4064
1.3051 0.6225 0.4064
1.3051 0.6225 0.4064
1.3051 0.6225 0.4064
1.3051 0.6225 0.4064
1.3051 0.6225 0.4064
1.3051 0.6225 0.4064
1.3051 0.6225 0.4064
1.3051 0.6225 0.4064
1.3051 0.6225 0.4064
1.3051 0.6225 0.4064
1.3051 0.6225 0.4064
1.3051 0.6225 0.4064
1.3051 0.6225 0.4064
1.3051 0.6225 0.4064
1.3051 0.6225 0.4064
1.3051 0.6225 0.4064
1.3051 0.6225 0.4064
1.3051 0.6225 0.4064
1.3051 0.6225 0.4064
1.3051 0.6225 0.4064
1.3051 0.6225 0.4064
1.3051 0.6225 0.4064
1.3051 0.6225 0.4064
1.3051 0.6225 0.4064
1.3051 0.6225 0.4064
1.3051 0.6225 0.4064
1.3051 0.6225 0.4064
1.3051 0.6225 0.4064
1.3051 0.6225 0.4064
1.3051 0.6225 0.4064
1.3051 0.6225 0.4064
1.3051 0.6225 0.4064
1.3051 0.6225 0.4064
1.3051 0.6225 0.4064
1.3051 0.6225 0.4064
1.3051 0.6225 0.4064
1.3051 0.6225 0.4064
1.3051 0.6225 0.4064
1.3051 0.6225 0.4064
1.3051 0.6225 0.4064
1.3051 0.6225 0.4064
1.3051 0.6225 0.4064
1.3051 0.6225 0.4064
1.3051 0.6225 0.4064
1.3051 0.6225 0.4064
1.3051 0.6225 0.4064
1.3051 0.6225 0.4064
1.3051 0.6225 0.4064
1.3051 0.6225 0.4064
1.3051 0.6225 0.4064
1.3051 0.6225 0.4064
1.3051 0.6225 0.4064
1.3051 0.6225 0.4064
1.3051 0.6225 0.4064
1.3051 0.6225 0.4064
1.3051 0.6225 0.4064
1.3051 0.6225 0.4064
1.3051 0.6225 0.4064
1.3051 0.6225 0.4064
1.3051 0.6225 0.4064
1.3051 0.6225 0.4064
1.3051 0.6225 0.4064
1.3051 0.6225 0.4064
1.3051 0.6225 0.4064
1.3051 0.6225 0.4064
1.3051 0.6225 0.4064
1.3051 0.6225 0.4064
1.3051 0.6225 0.4064
1.3051 0.6225 0.4064
1.3051 0.6225 0.4064
1.3051 0.6225 0.4064
1.3051 0.6225 0.4064
1.3051 0.6225 0.4064
1.3051 0.6225 0.4064
1.3051 0.6225 0.4064
1.3051 0.6225 0.4064
1.3051 0.6225 0.4064
1.3051 0.6225 0.4064
1.3051 0.6225 0.4064
1.3051 0.6225 0.4064
1.3051 0.6225 0.4064
1.3051 0.6225 0.4064
1.3051 0.6225 0.4064
1.3051 0.6225 0.4064
1.3051 0.6225 0.4064
1.3051 0.6225 0.4064
1.3051 0.6225 0.4064
1.3051 0.6225 0.4064
1.3051 0.6225 0.4064
1.3051 0.6225 0.4064
1.3051 0.6225 0.4064
1.3051 0.6225 0.4064
1.3051 0.6225 0.4064
1.3051 0.6225 0.4064
1.3051 0.6225 0.4064
1.3051 0.6225 0.4064
1.3051 0.6225 0.4064
1.3051 0.6225 0.4064
1.3051 0.6225 0.4064
1.3051 0.6225 0.4064
1.3051 0.6225 0.4064
1.3051 0.6225 0.4064
1.3051 0.6225 0.4064
1.3051 0.6225 0.4064
1.3051 0.6225 0.4064
1.3051 0.6225 0.4064
1.3051 0.6225 0.4064
1.3051 0.6225 0.4064
1.3051 0.6225 0.4064
1.3051 0.6225 0.4064
1.3051 0.6225 0.4064
1.3051 0.6225 0.4064
1.3051 0.6225 0.4064
1.3051 0.6225 0.4064
1.3051 0.6225 0.4064
1.3051 0.6225 0.4064
1.3051 0.6225 0.4064
1.3051 0.6225 0.4064
1.3051 0.6225 0.4064
1.3051 0.6225 0.4064
1.3051 0.6225 0.4064
1.3051 0.6225 0.4064
1.3051 0.6225 0.4064
1.3051 0.6225 0.4064
1.3051 0.6225 0.4064
1.3051 0.6225 0.4064
1.3051 0.6225 0.4064
1.3051 0.6225 0.4064
1.3051 0.6225 0.4064
1.3051 0.6225 0.4064
1.3051 0.6225 0.4064
1.3051 0.6225 0.4064
1.3051 0.6225 0.4064
1.3051 0.6225 0.4064
1.3051 0.6225 0.4064
1.3051 0.6225 0.4064
1.3051 0.6225 0.4064
1.3051 0.6225 0.4064
1.3051 0.6225 0.4064
1.3051 0.6225 0.4064
1.3051 0.6225 0.4064
1.3051 0.6225 0.4064
1.3051 0.6225 0.4064
1.3051 0.6225 0.4064
1.3051 0.6225 0.4064
1.3051 0.6225 0.4064
1.3051 0.6225 0.4064
1.3051 0.6225 0.4064
1.3051 0.6225 0.4064
1.3051 0.6225 0.4064
1.3051 0.6225 0.4064
1.3051 0.6225 0.4064
1.3051 0.6225 0.4064
1.3051 0.6225 0.4064
1.3051 0.6225 0.4064
1.3051 0.6225 0.4064
1.3051 0.6225 0.4064
1.3051 0.6225 0.4064
1.3051 0.6225 0.4064
1.3051 0.6225 0.4064
1.3051 0.6225 0.4064
1.3051 0.6225 0.4064
1.3051 0.6225 0.4064
1.3051 0.6225 0.4064
1.3051 0.6225 0.4064
1.3051 0.6225 0.4064
1.3051 0.6225 0.4064
1.3051 0.6225 0.4064
1.3051 0.6225 0.4064
1.3051 0.6225 0.4064
1.3051 0.6225 0.4064
1.3051 0.6225 0.4064
1.3051 0.6225 0.4064
1.3051 0.6225 0.4064
1.3051 0.6225 0.4064
1.3051 0.6225 0.4064
1.3051 0.6225 0.4064
1.3051 0.6225 0.4064
1.3051 0.6225 0.4064
1.3051 0.6225 0.4064
1.3051 0.6225 0.4064
1.3051 0.6225 0.4064
1.3051 0.6225 0.4064
1.3051 0.6225 0.4064
1.3051 0.6225 0.4064
1.3051 0.6225 0.4064
1.3051 0.6225 0.4064
1.3051 0.6225 0.4064
1.3051 0.6225 0.4064
1.3051 0.6225 0.4064
1.3051 0.6225 0.4064
1.3051 0.6225 0.4064
1.3051 0.6225 0.4064
1.3051 0.6225 0.4064
1.3051 0.6225 0.4064
1.3051 0.6225 0.4064
1.3051 0.6225 0.4064
1.3051 0.6225 0.4064
1.3051 0.6225 0.4064
1.3051 0.6225 0.4064
1.3051 0.6225 0.4064
1.3051 0.6225 0.4064
1.3051 0.6225 0.4064
1.3051 0.6225 0.4064
1.3051 0.6225 0.4064
1.3051 0.6225 0.4064
1.3051 0.6225 0.4064
1.3051 0.6225 0.4064
1.3051 0.6225 0.4064
1.3051 0.6225 0.4064
1.3051 0.6225 0.4064
1.3051 0.6225 0.4064
1.3051 0.6225 0.4064
1.3051 0.6225 0.4064
1.3051 0.6225 0.4064
1.3051 0.6225 0.4064
1.3051 0.6225 0.4064
1.3051 0.6225 0.4064
1.3051 0.6225 0.4064
1.3051 0.6225 0.4064
1.3051 0.6225 0.4064
1.3051 0.6225 0.4064
1.3051 0.6225 0.4064
1.3051 0.6225 0.4064
1.3051 0.6225 0.4064
1.3051 0.6225 0.4064
1.3051 0.6225 0.4064
1.3051 0.6225 0.4064
1.3051 0.6225 0.4064
1.3051 0.6225 0.4064
1.3051 0.6225 0.4064
1.3051 0.6225 0.4064
1.3051 0.6225 0.4064
1.3051 0.6225 0.4064
1.3051 0.6225 0.4064
1.3051 0.6225 0.4064
1.3051 0.6225 0.4064
1.3051 0.6225 0.4064
1.3051 0.6225 0.4064
1.3051 0.6225 0.4064
1.3051 0.6225 0.4064
1.3051 0.6225 0.4064
1.3051 0.6225 0.4064
1.3051 0.6225 0.4064
1.3051 0.6225 0.4064
1.3051 0.6225 0.4064
1.3051 0.6225 0.4064
1.3051 0.6225 0.4064
1.3051 0.6225 0.4064
1.3051 0.6225 0.4064
1.3051 0.6225 0.4064
1.3051 0.6225 0.4064
1.3051 0.6225 0.4064
1.3051 0.6225 0.4064
1.3051 0.6225 0.4064
1.3051 0.6225 0.4064
1.3051 0.6225 0.4064
1.3051 0.6225 0.4064
1.3051 0.6225 0.4064
1.3051 0.6225 0.4064
1.3051 0.6225 0.4064
1.3051 0.6225 0.4064
1.3051 0.6225 0.4064
1.3051 0.6225 0.4064
1.3051 0.6225 0.4064
1.3051 0.6225 0.4064
1.3051 0.6225 0.4064
1.3051 0.6225 0.4064
1.3051 0.6225 0.4064
1.3051 0.6225 0.4064
1.3051 0.6225 0.4064
1.3051 0.6225 0.4064
1.3051 0.6225 0.4064
1.3051 0.6225 0.4064
1.3051 0.6225 0.4064
1.3051 0.6225 0.4064
1.3051 0.6225 0.4064
1.3051 0.6225 0.4064
1.3051 0.6225 0.4064
1.3051 0.6225 0.4064
1.3051 0.6225 0.4064
1.3051 0.6225 0.4064
1.3051 0.6225 0.4064
1.3051 0.6225 0.4064
1.3051 0.6225 0.4064
1.3051 0.6225 0.4064
1.3051 0.6225 0.4064
1.3051 0.6225 0.4064
1.3051 0.6225 0.4064
1.3051 0.6225 0.4064
1.3051 0.6225 0.4064
1.3051 0.6225 0.4064
1.3051 0.6225 0.4064
1.3051 0.6225 0.4064
1.3051 0.6225 0.4064
1.3051 0.6225 0.4064
1.3051 0.6225 0.4064
1.3051 0.6225 0.4064
1.3051 0.6225 0.4064
1.3051 0.6225 0.4064
1.3051 0.6225 0.4064
1.3051 0.6225 0.4064
1.3051 0.6225 0.4064
1.3051 0.6225 0.4064
1.3051 0.6225 0.4064
1.3051 0.6225 0.4064
1.3051 0.6225 0.4064
1.3051 0.6225 0.4064
1.3051 0.6225 0.4064
1.3051 0.6225 0.4064
1.3051 0.6225 0.4064
1.3051 0.6225 0.4064
1.3051 0.6225 0.4064
1.3051 0.6225 0.4064
1.3051 0.6225 0.4064
1.3051 0.6225 0.4064
1.3051 0.6225 0.4064
1.3051 0.6225 0.4064
1.3051 0.6225 0.4064
1.3051 0.6225 0.4064
1.3051 0.6225 0.4064
1.3051 0.6225 0.4064
1.3051 0.6225 0.4064
1.3051 0.6225 0.4064
1.3051 0.6225 0.4064
1.3051 0.6225 0.4064
1.3051 0.6225 0.4064
1.3051 0.6225 0.4064
1.3051 0.6225 0.4064
1.3051 0.6225 0.4064
1.3051 0.6225 0.4064
1.3051 0.6225 0.4064
1.3051 0.6225 0.4064
1.3051 0.6225 0.4064
1.3051 0.6225 0.4064
1.3051 0.6225 0.4064
1.3051 0.6225 0.4064
1.3051 0.6225 0.4064
1.3051 0.6225 0.4064
1.3051 0.6225 0.4064
1.3051 0.6225 0.4064
1.3051 0.6225 0.4064
1.3051 0.6225 0.4064
1.3051 0.6225 0.4064
1.3051 0.6225 0.4064
1.3051 0.6225 0.4064
1.3051 0.6225 0.4064
1.3051 0.6225 0.4064
1.3051 0.6225 0.4064
1.3051 0.6225 0.4064
1.3051 0.6225 0.4064
1.3051 0.6225 0.4064
1.3051 0.6225 0.4064
1.3051 0.6225 0.4064
1.3051 0.6225 0.4064
1.3051 0.6225 0.4064
1.3051 0.6225 0.4064
1.3051 0.6225 0.4064
1.3051 0.6225 0.4064
1.3051 0.6225 0.4064
1.3051 0.6225 0.4064
1.3051 0.6225 0.4064
1.3051 0.6225 0.4064
1.3051 0.6225 0.4064
1.3051 0.6225 0.4064
1.3051 0.6225 0.4064
1.3051 0.6225 0.4064
1.3051 0.6225 0.4064
1.3051 0.6225 0.4064
1.3051 0.6225 0.4064
1.3051 0.6225 0.4064
1.3051 0.6225 0.4064
1.3051 0.6225 0.4064
1.3051 0.6225 0.4064
1.3051 0.6225 0.4064
1.3051 0.6225 0.4064
1.3051 0.6225 0.4064
1.3051 0.6225 0.4064
1.3051 0.6225 0.4064
1.3051 0.6225 0.4064
1.3051 0.6225 0.4064
1.3051 0.6225 0.4064
1.3051 0.6225 0.4064
1.3051 0.6225 0.4064
1.3051 0.6225 0.4064
1.3051 0.6225 0.4064
1.3051 0.6225 0.4064
1.3051 0.6225 0.4064
1.3051 0.6225 0.4064
1.3051 0.6225 0.4064
1.3051 0.6225 0.4064
1.3051 0.6225 0.4064
1.3051 0.6225 0.4064
1.3051 0.6225 0.4064
1.3051 0.6225 0.4064
1.3051 0.6225 0.4064
1.3051 0.6225 0.4064