2048
1.1863
1.1825
1.1760
1.1720
1.1720
1.1442
1.1123
1.1123
1.1045
1.1045
1.0983
1.0825
1.0699
1.0624
1.0624
1.0607
1.0607
1.0483
1.0463
1.0371
1.0284
1.0234
1.0168
1.0088
1.0012
0.9944
0.9944
0.9931
0.9911
0.9885
0.9831
0.9804
0.9708
0.9534
0.9534
0.9534
0.9491
0.9491
0.9429
0.9429
0.9367
0.9193
0.9193
0.9193
0.9149
0.9066
0.9066
0.9044
0.9044
0.9035
0.8984
0.8963
0.8873
0.8821
0.8821
0.8818
0.8818
0.8784
0.8751
0.8751
0.8744
0.8728
0.8647
0.8647
0.8647
0.8568
0.8568
0.8568
0.8471
0.8413
0.8413
0.8413
0.8413
0.8413
0.8365
0.8365
0.8363
0.8363
0.8344
0.8344
0.8277
0.8264
0.8264
0.8260
0.8260
0.8180
0.8129
0.8129
0.8129
0.8085
0.8085
0.8085
0.8085
0.8081
0.8029
0.8006
0.8006
0.8006
0.7991
0.7947
0.7947
0.7947
0.7929
0.7929
0.7867
0.7867
0.7867
0.7867
0.7837
0.7837
0.7837
0.7835
0.7801
0.7786
0.7786
0.7786
0.7747
0.7747
0.7747
0.7747
0.7717
0.7717
0.7717
0.7713
0.7672
0.7642
0.7642
0.7636
0.7632
0.7632
0.7629
0.7591
0.7587
0.7587
0.7556
0.7552
0.7552
0.7543
0.7543
0.7504
0.7504
0.7502
0.7462
0.7462
0.7462
0.7462
0.7462
0.7462
0.7401
0.7401
0.7401
0.7401
0.7401
0.7401
0.7391
0.7391
0.7391
0.7385
0.7361
0.7361
0.7360
0.7360
0.7338
0.7338
0.7338
0.7270
0.7270
0.7270
0.7270
0.7270
0.7262
0.7262
0.7262
0.7262
0.7249
0.7249
0.7243
0.7243
0.7182
0.7182
0.7182
0.7182
0.7180
0.7161
0.7161
0.7161
0.7161
0.7161
0.7149
0.7146
0.7114
0.7114
0.7109
0.7109
0.7094
0.7094
0.7091
0.7091
0.7091
0.7088
0.7079
0.7079
0.7055
0.7055
0.7055
0.7052
0.7052
0.7042
0.7018
0.7018
0.7016
0.7005
0.7005
0.7005
0.7005
0.6999
0.6999
0.6999
0.6999
0.6999
0.6999
0.6993
0.6985
0.6983
0.6968
0.6968
0.6968
0.6947
0.6947
0.6937
0.6937
0.6937
0.6930
0.6930
0.6930
0.6930
0.6930
0.6930
0.6927
0.6906
0.6906
0.6906
0.6899
0.6899
0.6899
0.6874
0.6874
0.6874
0.6874
0.6874
0.6874
0.6874
0.6873
0.6869
0.6864
0.6864
0.6857
0.6851
0.6842
0.6842
0.6842
0.6842
0.6842
0.6842
0.6828
0.6828
0.6828
0.6828
0.6828
0.6828
0.6813
0.6813
0.6813
0.6804
0.6799
0.6799
0.6799
0.6799
0.6799
0.6799
0.6786
0.6786
0.6786
0.6786
0.6781
0.6781
0.6781
0.6776
0.6767
0.6767
0.6767
0.6767
0.6767
0.6751
0.6751
0.6751
0.6750
0.6747
0.6747
0.6747
0.6741
0.6739
0.6739
0.6739
0.6739
0.6739
0.6726
0.6718
0.6718
0.6718
0.6718
0.6718
0.6718
0.6718
0.6718
0.6710
0.6705
0.6705
0.6705
0.6697
0.6697
0.6697
0.6697
0.6691
0.6691
0.6691
0.6691
0.6691
0.6691
0.6687
0.6687
0.6687
0.6687
0.6680
0.6680
0.6680
0.6680
0.6666
0.6666
0.6666
0.6666
0.6666
0.6666
0.6666
0.6666
0.6666
0.6666
0.6660
0.6660
0.6643
0.6639
0.6639
0.6639
0.6639
0.6639
0.6639
0.6635
0.6635
0.6635
0.6633
0.6622
0.6622
0.6622
0.6621
0.6613
0.6613
0.6613
0.6613
0.6613
0.6613
0.6613
0.6613
0.6599
0.6599
0.6599
0.6599
0.6599
0.6599
0.6599
0.6596
0.6596
0.6592
0.6592
0.6592
0.6587
0.6580
0.6580
0.6580
0.6580
0.6580
0.6566
0.6566
0.6566
0.6566
0.6566
0.6564
0.6564
0.6564
0.6564
0.6564
0.6564
0.6564
0.6564
0.6561
0.6561
0.6561
0.6561
0.6559
0.6559
0.6545
0.6545
0.6545
0.6545
0.6545
0.6545
0.6545
0.6545
0.6545
0.6545
0.6545
0.6545
0.6541
0.6537
0.6537
0.6532
0.6532
0.6532
0.6532
0.6532
0.6532
0.6532
0.6532
0.6526
0.6526
0.6524
0.6524
0.6524
0.6524
0.6514
0.6514
0.6514
0.6514
0.6514
0.6514
0.6514
0.6514
0.6514
0.6511
0.6511
0.6511
0.6507
0.6507
0.6507
0.6506
0.6506
0.6503
0.6503
0.6503
0.6503
0.6503
0.6503
0.6503
0.6499
0.6499
0.6499
0.6499
0.6499
0.6499
0.6498
0.6495
0.6495
0.6490
0.6490
0.6490
0.6490
0.6490
0.6490
0.6490
0.6490
0.6490
0.6490
0.6488
0.6488
0.6487
0.6487
0.6487
0.6486
0.6482
0.6482
0.6482
0.6482
0.6482
0.6482
0.6477
0.6477
0.6477
0.6477
0.6477
0.6477
0.6477
0.6477
0.6475
0.6473
0.6473
0.6473
0.6473
0.6473
0.6472
0.6472
0.6472
0.6469
0.6469
0.6469
0.6469
0.6469
0.6469
0.6469
0.6469
0.6468
0.6468
0.6464
0.6464
0.6464
0.6464
0.6464
0.6464
0.6462
0.6462
0.6462
0.6462
0.6460
0.6460
0.6460
0.6457
0.6457
0.6457
0.6457
0.6457
0.6457
0.6457
0.6457
0.6457
0.6455
0.6455
0.6455
0.6455
0.6455
0.6452
0.6451
0.6451
0.6451
0.6451
0.6451
0.6451
0.6451
0.6451
0.6449
0.6449
0.6449
0.6449
0.6448
0.6448
0.6448
0.6448
0.6447
0.6447
0.6447
0.6447
0.6447
0.6445
0.6445
0.6445
0.6445
0.6445
0.6445
0.6444
0.6444
0.6444
0.6444
0.6444
0.6444
0.6444
0.6444
0.6444
0.6443
0.6443
0.6443
0.6442
0.6442
0.6442
0.6442
0.6441
0.6440
0.6440
0.6440
0.6440
0.6440
0.6438
0.6438
0.6438
0.6438
0.6438
0.6438
0.6438
0.6438
0.6438
0.6438
0.6438
0.6438
0.6438
0.6436
0.6435
0.6435
0.6435
0.6435
0.6434
0.6434
0.6434
0.6434
0.6434
0.6434
0.6434
0.6434
0.6433
0.6432
0.6432
0.6432
0.6432
0.6432
0.6432
0.6432
0.6432
0.6432
0.6432
0.6432
0.6432
0.6432
0.6430
0.6430
0.6430
0.6430
0.6430
0.6430
0.6430
0.6430
0.6430
0.6429
0.6429
0.6429
0.6429
0.6429
0.6429
0.6429
0.6429
0.6427
0.6427
0.6427
0.6427
0.6427
0.6427
0.6427
0.6427
0.6427
0.6427
0.6427
0.6427
0.6427
0.6427
0.6427
0.6427
0.6427
0.6427
0.6427
0.6426
0.6426
0.6426
0.6426
0.6426
0.6426
0.6426
0.6426
0.6426
0.6426
0.6424
0.6424
0.6424
0.6424
0.6424
0.6424
0.6424
0.6424
0.6424
0.6424
0.6424
0.6424
0.6424
0.6424
0.6424
0.6424
0.6424
0.6424
0.6423
0.6423
0.6423
0.6423
0.6423
0.6423
0.6423
0.6423
0.6423
0.6423
0.6423
0.6423
0.6423
0.6422
0.6422
0.6422
0.6422
0.6422
0.6422
0.6420
0.6420
0.6420
0.6420
0.6420
0.6420
0.6420
0.6420
0.6420
0.6420
0.6420
0.6420
0.6417
0.6417
0.6417
0.6417
0.6417
0.6417
0.6417
0.6417
0.6417
0.6417
0.6417
0.6417
0.6417
0.6416
0.6416
0.6416
0.6416
0.6416
0.6416
0.6416
0.6416
0.6416
0.6415
0.6415
0.6415
0.6415
0.6415
0.6414
0.6414
0.6414
0.6414
0.6414
0.6414
0.6414
0.6414
0.6414
0.6414
0.6414
0.6414
0.6413
0.6413
0.6411
0.6411
0.6411
0.6411
0.6411
0.6411
0.6411
0.6411
0.6411
0.6411
0.6411
0.6410
0.6410
0.6410
0.6406
0.6406
0.6406
0.6406
0.6406
0.6406
0.6406
0.6406
0.6406
0.6406
0.6406
0.6406
0.6405
0.6405
0.6405
0.6405
0.6405
0.6405
0.6405
0.6405
0.6405
0.6404
0.6404
0.6404
0.6404
0.6404
0.6404
0.6404
0.6404
0.6404
0.6404
0.6404
0.6404
0.6404
0.6404
0.6404
0.6404
0.6403
0.6403
0.6403
0.6403
0.6403
0.6403
0.6403
0.6403
0.6403
0.6403
0.6402
0.6402
0.6402
0.6402
0.6402
0.6402
0.6402
0.6402
0.6402
0.6402
0.6401
0.6401
0.6401
0.6401
0.6401
0.6401
0.6401
0.6401
0.6401
0.6401
0.6401
0.6401
0.6401
0.6401
0.6401
0.6400
0.6400
0.6400
0.6400
0.6400
0.6400
0.6400
0.6400
0.6400
0.6400
0.6399
0.6399
0.6399
0.6399
0.6399
0.6399
0.6399
0.6399
0.6399
0.6399
0.6399
0.6399
0.6399
0.6399
0.6399
0.6399
0.6399
0.6399
0.6399
0.6399
0.6399
0.6399
0.6399
0.6399
0.6399
0.6399
0.6399
0.6399
0.6399
0.6399
0.6399
0.6399
0.6399
0.6399
0.6399
0.6399
0.6399
0.6398
0.6398
0.6398
0.6398
0.6398
0.6398
0.6398
0.6398
0.6398
0.6398
0.6398
0.6398
0.6398
0.6398
0.6398
0.6397
0.6397
0.6397
0.6397
0.6397
0.6397
0.6397
0.6397
0.6397
0.6397
0.6397
0.6397
0.6397
0.6397
0.6397
0.6397
0.6397
0.6397
0.6397
0.6397
0.6397
0.6397
0.6397
0.6397
0.6397
0.6397
0.6397
0.6397
0.6397
0.6397
0.6397
0.6397
0.6397
0.6397
0.6397
0.6397
0.6397
0.6397
0.6397
0.6397
0.6397
0.6397
0.6397
0.6393
0.6393
0.6393
0.6393
0.6393
0.6393
0.6393
0.6393
0.6393
0.6393
0.6393
0.6393
0.6393
0.6393
0.6393
0.6393
0.6393
0.6393
0.6393
0.6393
0.6393
0.6393
0.6393
0.6392
0.6392
0.6392
0.6392
0.6391
0.6391
0.6391
0.6391
0.6391
0.6391
0.6391
0.6391
0.6391
0.6391
0.6391
0.6391
0.6391
0.6391
0.6391
0.6391
0.6391
0.6391
0.6391
0.6391
0.6391
0.6391
0.6391
0.6391
0.6391
0.6391
0.6391
0.6391
0.6391
0.6391
0.6391
0.6391
0.6391
0.6391
0.6391
0.6391
0.6391
0.6391
0.6391
0.6391
0.6391
0.6391
0.6391
0.6391
0.6391
0.6391
0.6391
0.6391
0.6391
0.6391
0.6391
0.6391
0.6391
0.6391
0.6391
0.6391
0.6391
0.6391
0.6391
0.6391
0.6391
0.6391
0.6391
0.6391
0.6391
0.6391
0.6391
0.6391
0.6391
0.6391
0.6391
0.6391
0.6391
0.6391
0.6391
0.6391
0.6391
0.6391
0.6391
0.6391
0.6391
0.6391
0.6391
0.6391
0.6391
0.6391
0.6391
0.6391
0.6391
0.6391
0.6391
0.6391
0.6391
0.6391
0.6391
0.6391
0.6391
0.6391
0.6391
0.6391
0.6391
0.6391
0.6391
0.6391
0.6391
0.6391
0.6391
0.6391
0.6391
0.6391
0.6391
0.6391
0.6391
0.6391
0.6391
0.6391
0.6391
0.6391
0.6391
0.6391
0.6391
0.6391
0.6391
0.6391
0.6391
0.6391
0.6391
0.6391
0.6391
0.6391
0.6391
0.6391
0.6391
0.6391
0.6391
0.6391
0.6391
0.6391
0.6391
0.6391
0.6391
0.6391
0.6391
0.6391
0.6391
0.6391
0.6391
0.6391
0.6391
0.6391
0.6391
0.6391
0.6391
0.6391
0.6391
0.6391
0.6391
0.6391
0.6391
0.6391
0.6391
0.6391
0.6391
0.6391
0.6391
0.6391
0.6391
0.6391
0.6391
0.6391
0.6391
0.6391
0.6391
0.6391
0.6391
0.6391
0.6391
0.6391
0.6391
0.6391
0.6391
0.6391
0.6391
0.6391
0.6391
0.6391
0.6391
0.6391
0.6391
0.6391
0.6391
0.6391
0.6391
0.6391
0.6391
0.6391
0.6391
0.6391
0.6391
0.6391
0.6391
0.6391
0.6391
0.6391
0.6391
0.6391
0.6391
0.6391
0.6391
0.6391
0.6391
0.6391
0.6391
0.6391
0.6391
0.6391
0.6391
0.6391
0.6391
0.6391
0.6391
0.6391
0.6391
0.6391
0.6391
0.6391
0.6391
0.6391
0.6391
0.6391
0.6391
0.6391
0.6391
0.6391
0.6391
0.6391
0.6391
0.6391
0.6391
0.6391
0.6391
0.6391
0.6391
0.6391
0.6391
0.6391
0.6391
0.6391
0.6391
0.6391
0.6391
0.6391
0.6391
0.6391
0.6391
0.6391
0.6391
0.6391
0.6391
0.6391
0.6391
0.6391
0.6391
0.6391
0.6391
0.6391
0.6391
0.6391
0.6391
0.6391
0.6391
0.6391
0.6391
0.6391
0.6391
0.6391
0.6391
0.6391
0.6391
0.6391
0.6391
0.6391
0.6391
0.6391
0.6391
0.6391
0.6391
0.6391
0.6391
0.6391
0.6391
0.6391
0.6391
0.6391
0.6391
0.6391
0.6391
0.6391
0.6391
0.6391
0.6391
0.6391
0.6391
0.6391
0.6391
0.6391
0.6391
0.6391
0.6391
0.6391
0.6391
0.6391
0.6391
0.6391
0.6391
0.6391
0.6391
0.6391
0.6391
0.6391
0.6391
0.6391
0.6391
0.6391
0.6391
0.6391
0.6391
0.6391
0.6391
0.6391
0.6391
0.6391
0.6391
0.6391
0.6391
0.6391
0.6391
0.6391
0.6391
0.6391
0.6391
0.6391
0.6391
0.6391
0.6391
0.6391
0.6391
0.6391
0.6391
0.6391
0.6391
0.6391
0.6391
0.6391
0.6391
0.6391
0.6391
0.6391
0.6391
0.6391
0.6391
0.6391
0.6391
0.6391
0.6391
0.6391
0.6391
0.6391
0.6391
0.6391
0.6391
0.6391
0.6391
0.6391
0.6391
0.6391
0.6391
0.6391
0.6391
0.6391
0.6391
0.6391
0.6391
0.6391
0.6391
0.6391
0.6391
0.6391
0.6391
0.6391
0.6391
0.6391
0.6391
0.6391
0.6391
0.6391
0.6391
0.6391
0.6391
0.6391
0.6391
0.6391
0.6391
0.6391
0.6391
0.6391
0.6391
0.6391
0.6391
0.6391
0.6391
0.6391
0.6391
0.6391
0.6391
0.6391
0.6391
0.6391
0.6391
0.6391
0.6391
0.6391
0.6391
0.6391
0.6391
0.6391
0.6391
0.6391
0.6391
0.6391
0.6391
0.6391
0.6391
0.6391
0.6391
0.6391
0.6391
0.6391
0.6391
0.6391
0.6391
0.6391
0.6391
0.6391
0.6391
0.6391
0.6391
0.6391
0.6391
0.6391
0.6391
0.6391
0.6391
0.6391
0.6391
0.6391
0.6391
0.6391
0.6391
0.6391
0.6391
0.6391
0.6391
0.6391
0.6391
0.6391
0.6391
0.6391
0.6391
0.6391
0.6391
0.6391
0.6391
0.6391
0.6391
0.6391
0.6391
0.6391
0.6391
0.6391
0.6391
0.6391
0.6391
0.6391
0.6391
0.6391
0.6391
0.6391
0.6391
0.6391
0.6391
0.6391
0.6391
0.6391
0.6391
0.6391
0.6391
0.6391
0.6391
0.6391
0.6391
0.6391
0.6391
0.6391
0.6391
0.6391
0.6391
0.6391
0.6391
0.6391
0.6391
0.6391
0.6391
0.6391
0.6391
0.6391
0.6391
0.6391
0.6391
0.6391
0.6391
0.6391
0.6391
0.6391
0.6391
0.6391
0.6391
0.6391
0.6391
0.6391
0.6391
0.6391
0.6391
0.6391
0.6391
0.6391
0.6391
0.6391
0.6391
0.6391
0.6391
0.6391
0.6391
0.6391
0.6391
0.6391
0.6391
0.6391
0.6391
0.6391
0.6391
0.6391
0.6391
0.6391
0.6391
0.6391
0.6391
0.6391
0.6391
0.6391
0.6391
0.6391
0.6391
0.6391
0.6391
0.6391
0.6391
0.6391
0.6391
0.6391
0.6391
0.6391
0.6391
0.6391
0.6391
0.6391
0.6391
0.6391
0.6391
0.6391
0.6391
0.6391
0.6391
0.6391
0.6391
0.6391
0.6391
0.6391
0.6391
0.6391
0.6391
0.6391
0.6391
0.6391
0.6391
0.6391
0.6391
0.6391
0.6391
0.6391
0.6391
0.6391
0.6391
0.6391
0.6391
0.6391
0.6391
0.6391
0.6391
0.6391
0.6391
0.6391
0.6391
0.6391
0.6391
0.6391
0.6391
0.6391
0.6391
0.6391
0.6391
0.6391
0.6391
0.6391
0.6391
0.6391
0.6391
0.6391
0.6391
0.6391
0.6391
0.6391
0.6391
0.6391
0.6391
0.6391
0.6391
0.6391
0.6391
0.6391
0.6391
0.6391
0.6391
0.6391
0.6391
0.6391
0.6391
0.6391
0.6391
0.6391
0.6391
0.6391
0.6391
0.6391
0.6391
0.6391
0.6391
0.6391
0.6391
0.6391
0.6391
0.6391
0.6391
0.6391
0.6391
0.6391
0.6391
0.6391
0.6391
0.6391
0.6391
0.6391
0.6391
0.6391
0.6391
0.6391
0.6391
0.6391
0.6391
0.6391
0.6391
0.6391
0.6391
0.6391
0.6391
0.6391
0.6391
0.6391
0.6391
0.6391
0.6391
0.6391
0.6391
0.6391
0.6391
0.6391
0.6391
0.6391
0.6391
0.6391
0.6391
0.6391
0.6391
0.6391
0.6391
0.6391
0.6391
0.6391
0.6391
0.6391
0.6391
0.6391
0.6391
0.6391
0.6391
0.6391
0.6391
0.6391
0.6391
0.6391
0.6391
0.6391
0.6391
0.6391
0.6391
0.6391
0.6391
0.6391
0.6391
0.6391
0.6391
0.6391
0.6391
0.6391
0.6391
0.6391
0.6391
0.6391
0.6391
0.6391
0.6391
0.6391
0.6391
0.6391
0.6391
0.6391
0.6391
0.6391
0.6391
0.6391
0.6391
0.6391
0.6391
0.6391
0.6391
0.6391
0.6391
0.6391
0.6391
0.6391
0.6391
0.6391
0.6391
0.6391
0.6391
0.6391
0.6391
0.6391
0.6391
0.6391
0.6391
0.6391
0.6391
0.6391
0.6391
0.6391
0.6391
0.6391
0.6391
0.6391
0.6391
0.6391
0.6391
0.6391
0.6391
0.6391
0.6391
0.6391
0.6391
0.6391
0.6391
0.6391
0.6391
0.6391
0.6391
0.6391
0.6391
0.6391
0.6391
0.6391
0.6391
0.6391
0.6391
0.6391
0.6391
0.6391
0.6391
0.6391
0.6391
0.6391
0.6391
0.6391
0.6391
0.6391
0.6391
0.6391
0.6391
0.6391
0.6391
0.6391
0.6391
0.6391
0.6391
0.6391
0.6391
0.6391
0.6391
0.6391
0.6391
0.6391
0.6391
0.6391
0.6391
0.6391
0.6391
0.6391
0.6391
0.6391
0.6391
0.6391
0.6391
0.6391
0.6391
0.6391
0.6391
0.6391
0.6391
0.6391
0.6391
0.6391
0.6391
0.6391
0.6391
0.6391
0.6391
0.6391
0.6391
0.6391
0.6391
0.6391
0.6391
0.6391
0.6391
0.6391
0.6391
0.6391
0.6391
0.6391
0.6391
0.6391
0.6391
0.6391
0.6391
0.6391
0.6391
0.6391
0.6391
0.6391
0.6391
0.6391
0.6391
0.6391
0.6391
0.6391
0.6391
0.6391
0.6391
0.6391
0.6391
0.6391
0.6391
0.6391
0.6391
0.6391
0.6391
0.6391
0.6391
0.6391
0.6391
0.6391
0.6391
0.6391
0.6391
0.6391
0.6391
0.6391
0.6391
0.6391
0.6391
0.6391
0.6391
0.6391
0.6391
0.6391
0.6391
0.6391
0.6391
0.6391
0.6391
0.6391
0.6391
0.6391
0.6391
0.6391
0.6391
0.6391
0.6391
0.6391
0.6391
0.6391
0.6391
0.6391
0.6391
0.6391
0.6391
0.6391
0.6391
0.6391
0.6391
0.6391
0.6391
0.6391
0.6391
0.6391
0.6391
0.6391
0.6391
0.6391
0.6391
0.6391
0.6391
0.6391
0.6391
0.6391
0.6391
0.6391
0.6391
0.6391
0.6391
0.6391
0.6391
0.6391
0.6391
0.6391
0.6391
0.6391
0.6391
0.6391
0.6391
0.6391
0.6391
0.6391
0.6391
0.6391
0.6391
0.6391
0.6391
0.6391
0.6391
0.6391
0.6391
0.6391
0.6391
0.6391
0.6391
0.6391
0.6391
0.6391
0.6391
0.6391
0.6391
0.6391
0.6391
0.6391
0.6391
0.6391
0.6391
0.6391
0.6391
0.6391
0.6391
0.6391
0.6391
0.6391
0.6391
0.6391
0.6391
0.6391
0.6391
0.6391
0.6391
0.6391
0.6391
0.6391
0.6391
0.6391
0.6391
0.6391
0.6391
0.6391
0.6391
0.6391
0.6391
0.6391
0.6391
0.6391
0.6391
0.6391
0.6391
0.6391
0.6391
0.6391
0.6391
0.6391
0.6391
0.6391
0.6391
0.6391
0.6391
0.6391
0.6391
0.6391
0.6391
0.6391
0.6391
0.6391
0.6391
0.6391
0.6391
0.6391
0.6391
0.6391
0.6391
0.6391
0.6391
0.6391
0.6391