100
0.89 0.89 0.00
0.21 0.79 2.00
0.90 0.61 5.00
0.86 0.51 4.00
0.63 0.14 3.00
0.62 0.53 6.00
0.64 0.64 1.00
0.52 0.13 8.00
0.55 0.05 7.00
0.04 0.70 7.00
0.22 0.51 1.00
0.30 0.86 7.00
0.93 0.01 4.00
0.25 0.60 5.00
0.37 0.19 1.00
0.78 0.34 5.00
0.10 0.45 3.00
0.19 0.07 2.00
0.93 0.71 2.00
0.51 0.56 6.00
0.40 0.65 7.00
0.78 0.17 7.00
0.00 0.57 5.00
0.10 0.18 4.00
0.99 0.07 4.00
0.85 0.31 6.00
0.24 0.69 5.00
0.92 0.86 2.00
0.03 0.74 1.00
0.08 0.40 8.00
0.08 0.30 5.00
0.78 0.81 7.00
0.60 0.99 7.00
0.98 0.50 1.00
0.64 0.24 2.00
0.13 0.90 2.00
1.00 0.33 7.00
0.19 0.50 7.00
0.18 0.82 7.00
0.35 0.92 5.00
0.45 0.46 2.00
0.26 0.08 7.00
0.04 0.37 2.00
0.27 0.83 7.00
0.68 0.08 6.00
0.66 0.18 7.00
0.98 0.44 8.00
0.21 0.10 1.00
0.53 0.79 4.00
0.67 0.60 7.00
0.03 0.14 4.00
0.99 0.93 3.00
0.67 0.67 7.00
0.71 0.17 3.00
0.20 0.25 3.00
0.49 0.94 8.00
0.12 0.24 3.00
0.57 0.01 8.00
0.46 0.09 7.00
0.03 0.41 5.00
0.44 0.27 4.00
0.34 0.06 8.00
0.65 0.93 6.00
0.13 0.19 8.00
0.23 0.25 1.00
0.89 0.60 3.00
0.36 0.83 3.00
0.29 0.72 2.00
0.12 0.29 5.00
0.55 0.31 8.00
0.81 0.86 7.00
0.12 0.23 4.00
0.31 0.82 1.00
0.85 0.12 7.00
0.79 0.35 5.00
0.25 0.40 2.00
0.20 0.55 3.00
0.02 0.05 5.00
0.43 0.73 1.00
0.28 0.11 8.00
0.65 0.27 1.00
0.34 0.05 3.00
0.09 0.47 7.00
0.55 0.31 8.00
0.90 0.07 4.00
0.96 0.31 1.00
0.61 0.24 2.00
0.26 0.17 6.00
0.42 0.97 4.00
0.22 0.53 6.00
0.47 0.53 1.00
0.21 0.77 5.00
0.31 0.93 6.00
0.84 0.65 6.00
0.08 0.38 7.00
0.02 0.08 2.00
0.20 0.91 4.00
0.50 0.99 5.00
0.93 0.48 2.00
0.63 0.90 5.00
0.04 0.63 2.00

20
40 2
40 2
40 2
40 2
40 2
40 2
40 2
40 2
40 2
40 2
40 2
40 2
40 2
40 2
40 2
40 2
40 2
40 2
40 2
40 2