50
0.28 0.40 0.00
0.44 0.66 0.20
0.82 0.25 0.80
0.53 0.05 1.00
0.12 0.55 0.40
0.22 0.05 0.10
0.35 0.77 0.80
0.37 0.96 1.10
0.49 0.70 0.20
0.10 0.57 0.90
0.96 0.02 1.60
0.14 0.25 0.80
0.48 0.19 0.70
0.80 0.83 0.10
0.60 0.46 0.80
0.55 0.70 0.30
0.44 0.25 1.00
0.44 0.13 0.40
0.11 0.73 0.60
0.60 0.51 0.30
0.23 0.46 0.10
0.74 0.92 1.60
0.56 0.78 0.80
0.21 0.77 1.60
0.39 0.36 0.10
0.12 0.77 1.10
0.04 0.32 1.80
0.34 0.21 0.10
0.74 0.66 1.60
0.03 0.90 0.80
0.95 0.97 1.20
0.54 0.65 0.80
0.96 0.24 1.90
0.72 0.97 0.80
0.91 0.53 1.90
0.16 0.44 0.60
0.22 0.21 0.80
0.57 0.10 0.40
0.02 0.14 0.30
0.87 0.01 0.40
0.65 0.62 1.90
0.55 0.90 0.30
0.15 0.88 0.40
0.01 0.59 1.70
0.22 0.74 0.60
0.31 0.46 0.30
0.76 0.90 1.90
0.92 0.30 0.20
0.73 0.42 0.30
0.66 0.55 1.20
0.75 0.73 0.40

30
2.5 2
2.5 2
2.5 2
2.5 2
2.5 2
2.5 2
2.5 2
2.5 2
2.5 2
2.5 2
2.5 2
2.5 2
2.5 2
2.5 2
2.5 2
2.5 2
2.5 2
2.5 2
2.5 2
2.5 2
2.5 2
2.5 2
2.5 2
2.5 2
2.5 2
2.5 2
2.5 2
2.5 2
2.5 2
2.5 2