100
0.11 0.09 0.00
0.30 0.44 0.60
0.45 0.02 0.40
0.82 0.87 0.50
0.45 0.96 1.60
0.31 0.19 0.50
0.69 0.47 0.10
0.40 0.14 0.50
0.34 0.01 0.40
0.75 0.83 0.40
0.59 0.89 0.50
0.94 0.96 0.90
0.76 0.98 0.10
0.43 0.72 2.90
0.29 0.26 0.50
0.03 0.04 0.20
0.95 0.69 0.80
0.15 0.32 0.10
0.97 0.51 0.10
0.67 0.75 0.40
0.30 0.45 0.10
0.35 0.33 0.10
0.09 0.27 1.60
0.49 0.81 0.20
0.32 0.22 0.20
0.15 0.41 0.70
0.12 0.01 0.60
0.00 0.53 1.10
0.00 0.08 0.10
0.04 0.81 0.30
0.19 0.67 1.40
0.14 0.48 0.80
0.97 0.88 0.30
0.03 0.78 0.10
0.30 0.19 0.90
0.22 0.07 0.40
0.38 0.36 1.80
0.43 0.17 0.40
0.28 0.07 1.80
0.88 0.06 1.20
0.16 0.90 1.10
0.60 0.43 1.10
0.02 0.96 0.40
0.61 0.04 0.80
0.65 0.96 1.80
0.23 0.71 0.10
0.59 0.72 0.70
0.00 0.18 0.30
0.67 0.27 0.10
0.87 0.50 0.20
0.77 0.72 0.90
0.96 0.28 1.90
0.72 0.63 0.10
0.62 0.23 0.30
0.37 0.34 0.50
0.87 0.02 0.40
0.90 1.00 0.40
0.72 0.10 0.30
0.14 0.88 0.30
0.45 0.95 0.60
0.87 0.52 0.40
0.05 0.26 0.10
0.48 0.10 0.20
0.28 0.33 0.70
0.43 0.92 0.10
0.42 0.34 0.20
0.70 0.12 0.60
0.22 0.11 0.20
0.78 0.28 0.50
0.05 0.33 0.40
0.38 0.70 0.20
0.60 0.58 1.00
0.56 0.75 0.10
0.80 0.78 0.10
0.00 0.01 0.30
0.88 0.83 0.50
0.71 0.79 2.10
0.09 0.97 2.50
0.16 0.38 0.80
1.00 0.62 0.40
0.15 0.87 0.10
0.57 0.35 0.60
0.57 0.34 0.60
0.96 0.73 0.40
0.99 0.11 1.30
0.33 0.50 0.40
0.10 0.86 0.20
0.40 0.21 0.70
0.29 0.04 0.20
0.29 0.84 0.10
0.99 0.41 0.20
0.07 0.47 0.40
0.74 0.15 0.70
0.76 0.99 0.50
0.48 0.90 0.20
0.71 0.02 0.70
0.65 0.16 0.30
0.04 0.42 1.80
0.10 0.51 0.70
0.45 0.39 0.50
0.38 0.87 0.10

30
3 2
3 2
3 2
3 2
3 2
3 2
3 2
3 2
3 2
3 2
3 2
3 2
3 2
3 2
3 2
3 2
3 2
3 2
3 2
3 2
3 2
3 2
3 2
3 2
3 2
3 2
3 2
3 2
3 2
3 2