30
0.67 0.32 0.00
0.35 0.81 0.20
0.74 0.53 0.20
0.59 0.89 0.30
0.15 0.69 0.10
0.72 0.83 0.20
0.14 0.48 0.60
0.74 0.70 0.20
0.22 0.28 0.30
0.42 0.89 0.10
0.84 0.53 0.70
0.30 0.70 0.40
0.03 0.82 0.50
0.29 0.07 0.30
0.79 0.96 0.40
0.48 0.50 0.30
0.35 0.68 0.20
0.44 0.29 0.70
0.30 0.94 0.30
0.00 0.55 0.40
0.27 0.51 0.30
0.11 0.66 0.20
0.56 0.42 0.60
0.87 0.36 0.10
0.80 0.21 0.30
0.27 0.66 0.50
0.81 0.15 0.20
0.62 0.08 0.40
0.28 0.91 0.40
0.43 0.95 0.40
0.75 0.05 0.20

20
1 2
1 2
1 2
1 2
1 2
1 2
1 2
1 2
1 2
1 2
1 2
1 2
1 2
1 2
1 2
1 2
1 2
1 2
1 2
1 2